0 0 0 0 0 0 0 0
5 0 0 0 0 0 0 0
10 0 0 0 0 0 0 0
15 0 0 0 0 0 0 0
20 0 0 0 0 0 0 0
25 0 0 0 0 0 0 0
30 0 0 0 0 0 0 0
35 0 0 0 1 0 0 0
40 0 0 0 1 0 0 0
45 0 0 1 0 1 0 1
50 0 0 1 0 1 0 1
55 0 0 1 0 2 0 1
60 0 0 1 0 2 0 1
65 0 0 1 0 2 0 1
70 0 0 1 0 2 0 1
75 0 0 1 0 2 0 1
80 0 0 1 0 2 0 1
85 0 0 1 0 2 0 1
90 0 0 1 0 2 0 1
95 0 0 1 0 2 0 1
100 0 0 1 0 2 0 1
105 0 0 1 0 2 0 1
110 0 0 1 0 2 0 1
115 0 0 1 0 2 0 1
120 0 0 1 0 2 0 1
125 0 0 1 0 2 0 1
130 0 0 1 0 2 0 1
135 0 0 1 0 2 0 1
140 0 1 1 0 2 0 1
145 0 1 1 0 2 0 1
150 0 1 1 0 2 0 1
155 0 0 1 0 2 0 1
160 0 0 1 0 2 0 1
165 0 0 1 0 2 0 1
170 0 1 1 0 2 0 1
175 0 1 1 0 2 0 1
180 0 1 1 0 2 0 1
185 0 0 1 0 2 0 1
190 0 0 1 0 2 0 1
195 0 1 1 0 2 0 1
200 0 1 1 0 2 0 1
205 0 1 1 0 2 0 1
210 0 1 1 0 2 0 1
215 0 1 1 0 2 0 1
220 0 1 1 0 2 0 1
225 0 1 1 0 2 0 1
230 0 0 1 0 2 0 1
235 0 0 1 0 2 0 1
240 0 0 1 0 2 0 1
245 0 0 1 0 2 0 1
250 0 0 1 0 2 0 1
255 0 0 1 0 2 0 1
260 0 0 1 0 2 0 1
265 0 0 1 0 2 0 1
270 0 0 1 0 2 0 1
275 0 0 1 0 2 0 1
280 0 0 1 0 2 0 1
285 0 0 1 0 3 0 1
290 0 0 1 0 3 0 1
295 0 0 1 0 3 0 1
300 0 0 1 0 3 0 1
305 0 0 1 0 3 0 1
310 0 0 1 0 3 0 1
315 0 0 1 0 3 0 1
320 0 0 1 0 3 0 1
325 0 0 1 0 4 0 1
330 0 0 1 0 4 0 1
335 0 0 0 1 4 0 0
340 0 0 0 1 4 0 0
345 0 0 0 1 4 0 0
350 0 0 0 1 4 0 0
355 0 0 0 0 0 0 0
360 0 0 0 0 0 0 0
365 0 0 0 0 0 0 0
370 0 0 0 0 0 0 0
375 0 0 0 0 0 0 0
380 0 0 0 0 0 0 0
385 0 0 0 0 0 0 0
390 0 0 0 1 0 0 0
395 0 0 0 1 0 0 0
400 0 0 0 1 0 0 1
405 0 0 0 0 0 0 1
410 0 0 0 0 0 0 0
415 0 0 0 0 0 0 0
420 0 0 0 0 0 0 0
425 0 0 0 0 0 0 0
430 0 0 0 1 0 0 0
435 0 0 1 0 1 0 1
440 0 0 1 0 1 0 1
445 0 0 1 0 2 0 1
450 0 0 1 0 2 0 1
455 0 0 1 0 2 0 1
460 0 0 1 0 2 0 1
465 0 0 1 0 2 0 1
470 0 0 1 0 2 0 1
475 0 0 1 0 2 0 1
480 0 0 1 0 2 0 1
485 0 0 1 0 2 0 1
490 0 1 1 0 2 0 1
495 0 0 1 0 3 0 1
500 0 0 1 0 3 0 1
505 0 0 1 0 3 0 1
510 0 0 1 0 3 0 1
515 0 0 1 0 3 0 1
520 0 0 1 0 3 0 1
525 0 0 1 0 3 0 1
530 0 0 1 0 3 0 1
535 0 0 1 0 4 0 1
540 0 0 1 0 4 0 1
545 0 0 1 0 4 0 1
550 0 0 1 0 4 0 1
555 0 0 1 0 4 0 1
560 0 0 1 0 4 0 1
565 0 0 1 0 4 0 1
570 0 0 1 0 4 0 1
575 0 0 1 0 4 0 1
580 0 0 0 1 4 0 0
585 0 0 0 1 4 0 0
590 0 0 0 0 0 0 0
595 0 0 0 0 0 0 0
600 0 0 0 0 0 0 0
605 0 0 0 0 0 0 0
610 0 0 0 0 0 0 0
615 0 0 0 0 0 0 0
620 0 0 0 0 0 0 0
625 0 0 0 0 0 0 0
630 0 0 0 0 0 0 0
635 0 0 0 1 0 0 0
640 0 0 1 0 1 0 1
645 0 0 1 0 1 0 1
650 0 0 1 0 2 0 1
655 0 1 1 0 2 0 1
660 0 1 1 0 2 0 1
665 0 1 1 0 2 0 1
670 0 1 1 0 2 0 1
675 0 1 1 0 2 0 1
680 0 1 1 0 2 0 1
685 0 1 1 0 2 0 1
690 0 0 1 0 2 0 1
695 0 0 1 0 2 0 1
700 0 0 1 0 2 0 1
705 0 0 1 0 3 0 1
710 0 0 1 0 3 0 1
715 0 0 1 0 3 0 1
720 0 0 1 0 3 0 1
725 0 0 1 0 3 0 1
730 0 0 1 0 3 0 1
735 0 0 1 0 3 0 1
740 0 0 1 0 3 0 1
745 0 0 1 0 3 0 1
750 0 0 1 0 3 0 1
755 0 0 1 0 3 0 1
760 0 0 1 0 3 0 1
765 0 0 1 0 3 0 1
770 0 0 1 0 3 0 1
775 0 0 1 0 3 0 1
780 0 0 1 0 3 0 1
785 0 0 1 0 3 0 1
790 0 0 1 0 3 0 1
795 0 0 1 0 3 0 1
800 0 0 1 0 3 0 1
805 0 0 1 0 3 0 1
810 0 0 1 0 3 0 1
815 0 0 1 0 4 0 1
820 0 0 1 0 4 0 1
825 0 0 1 0 4 0 1
830 0 0 0 0 0 0 0
835 0 0 0 0 0 0 0
840 0 0 0 0 0 0 0
845 0 0 0 0 0 0 0
850 0 0 0 0 0 0 0
855 0 0 0 0 0 0 0
860 0 0 0 0 0 0 0
865 0 0 0 0 0 0 0
870 0 0 0 0 0 0 0
875 0 0 0 0 0 0 0
880 0 0 0 0 0 0 0
885 0 0 0 0 0 0 0
890 0 0 0 0 0 0 0
895 0 0 0 0 0 0 0
900 0 0 0 0 0 0 0
905 0 0 0 0 0 0 0
910 0 0 0 0 0 0 0
915 0 0 0 0 0 0 0
920 0 0 0 0 0 0 0
925 0 0 0 0 0 0 0
930 0 0 0 0 0 0 0
935 0 0 0 0 0 0 0
940 0 0 0 0 0 0 0
945 0 0 0 0 0 0 0
950 0 0 0 0 0 0 0
955 0 0 0 0 0 0 0
960 0 0 0 0 0 0 0
965 0 0 0 0 0 0 0
970 0 0 0 0 0 0 0
975 0 0 0 0 0 0 0
980 0 0 0 0 0 0 0
985 0 0 0 0 0 0 0
990 0 0 0 0 0 0 0
995 0 0 0 0 0 0 0
1000 0 0 0 1 0 0 0
1005 0 0 1 0 1 0 1
1010 0 0 1 0 1 0 1
1015 0 0 1 0 2 0 1
1020 0 0 1 0 2 0 1
1025 0 0 1 0 2 0 1
1030 0 0 1 0 2 0 1
1035 0 1 1 0 2 0 1
1040 0 0 1 0 2 0 1
1045 0 0 1 0 2 0 1
1050 0 0 1 0 2 0 1
1055 0 0 1 0 2 0 1
1060 0 0 1 0 3 0 1
1065 0 0 1 0 3 0 1
1070 0 0 1 0 3 0 1
1075 0 0 1 0 3 0 1
1080 0 0 1 0 3 0 1
1085 0 0 1 0 3 0 1
1090 0 0 1 0 3 0 1
1095 0 0 1 0 3 0 1
1100 0 0 1 0 3 0 1
1105 0 0 1 0 3 0 1
1110 0 0 1 0 3 0 1
1115 0 0 1 0 3 0 1
1120 0 0 1 0 3 0 1
1125 0 0 1 0 3 0 1
1130 0 0 1 0 3 0 1
1135 0 0 1 0 3 0 1
1140 0 0 1 0 3 0 1
1145 0 0 1 0 3 0 1
1150 0 0 1 0 3 0 1
1155 0 0 1 0 3 0 1
1160 0 0 1 0 3 0 1
1165 0 0 1 0 3 0 1
1170 0 0 1 0 3 0 1
1175 0 0 1 0 3 0 1
1180 0 0 1 0 3 0 1
1185 0 0 1 0 3 0 1
1190 0 0 1 0 3 0 1
1195 0 0 1 0 3 0 1
1200 0 0 1 0 3 0 1
1205 0 0 1 0 3 0 1
1210 0 0 1 0 3 0 1
1215 0 0 1 0 3 0 1
1220 0 0 1 0 3 0 1
1225 0 0 1 0 3 0 1
1230 0 0 1 0 3 0 1
1235 0 0 1 0 3 0 1
1240 0 0 1 0 3 0 1
1245 0 0 1 0 3 0 1
1250 0 0 1 0 3 0 1
1255 0 0 1 0 3 0 1
1260 0 0 1 0 3 0 1
1265 0 0 1 0 3 0 1
1270 0 0 1 0 3 0 1
1275 0 0 1 0 3 0 1
1280 0 0 1 0 3 0 1
1285 0 0 1 0 3 0 1
1290 0 0 1 0 3 0 1
1295 0 0 1 0 3 0 1
1300 0 0 1 0 3 0 1
1305 0 0 1 0 3 0 1
1310 0 0 1 0 3 0 1
1315 0 0 1 0 3 0 1
1320 0 0 1 0 3 0 1
1325 0 0 1 0 3 0 1
1330 0 0 1 0 3 0 1
1335 0 0 1 0 3 0 1
1340 0 0 1 0 3 0 1
1345 0 0 1 0 3 0 1
1350 0 0 1 0 3 0 1
1355 0 0 1 0 4 0 1
1360 0 0 1 0 4 0 1
1365 0 0 1 0 4 0 1
1370 0 0 0 0 0 0 0
1375 0 0 0 0 0 0 0
1380 0 0 0 0 0 0 0
1385 0 0 0 0 0 0 0
1390 0 0 0 0 0 0 0
1395 0 0 0 0 0 0 0
1400 0 0 0 0 0 0 0
1405 0 0 0 0 0 0 0
1410 0 0 0 0 0 0 0
1415 0 0 0 0 0 0 0
1420 0 0 0 0 0 0 0
1425 0 0 0 0 0 0 0
1430 0 0 0 0 0 0 0
1435 0 0 0 0 0 0 0
1440 0 0 0 0 0 0 0
1445 0 0 0 0 0 0 0
1450 0 0 0 0 0 0 0
1455 0 0 0 0 0 0 0
1460 0 0 0 0 0 0 0
1465 0 0 0 0 0 0 0
1470 0 0 0 0 0 0 0
1475 0 0 0 0 0 0 0
1480 0 0 0 0 0 0 0
1485 0 0 0 0 0 0 0
1490 0 0 0 0 0 0 0
1495 0 0 0 0 0 0 0
1500 0 0 0 0 0 0 0
1505 0 0 0 0 0 0 0
1510 0 0 0 0 0 0 0
1515 0 0 0 0 0 0 0
1520 0 0 0 1 0 0 0
1525 0 0 0 0 0 0 1
1530 0 0 0 0 0 0 1
1535 0 0 0 0 0 0 0
1540 0 0 0 0 0 0 0
1545 0 0 0 0 0 0 0
1550 0 0 0 0 0 0 0
1555 0 0 0 0 0 0 0
1560 0 0 0 0 0 0 0
1565 0 0 0 0 0 0 0
1570 0 0 0 0 0 0 1
1575 0 0 0 0 0 0 0
1580 0 0 0 0 0 0 0
1585 0 0 0 0 0 0 0
1590 0 0 0 1 0 0 0
1595 0 0 0 1 0 0 0
1600 0 0 0 1 0 0 0
1605 0 0 0 1 0 0 0
1610 0 0 1 0 1 0 1
1615 0 0 1 0 1 0 1
1620 0 0 1 0 2 0 1
1625 0 0 1 0 2 0 1
1630 0 0 1 0 2 0 1
1635 0 1 1 0 2 0 1
1640 0 1 1 0 2 0 1
1645 0 0 1 0 3 0 1
1650 0 0 1 0 3 0 1
1655 0 0 1 0 3 0 1
1660 0 0 1 0 3 0 1
1665 0 0 1 0 3 0 1
1670 0 0 1 0 3 0 1
1675 0 0 1 0 3 0 1
1680 0 0 1 0 3 0 1
1685 0 0 1 0 3 0 1
1690 0 0 1 0 3 0 1
1695 0 0 1 0 3 0 1
1700 0 0 1 0 3 0 1
1705 0 0 1 0 3 0 1
1710 0 0 1 0 3 0 1
1715 0 0 1 0 3 0 1
1720 0 0 1 0 3 0 1
1725 0 0 1 0 3 0 1
1730 0 0 1 0 3 0 1
1735 0 0 0 0 0 0 0
1740 0 0 0 0 0 0 0
1745 0 0 0 0 0 0 0
1750 0 0 0 0 0 0 0
1755 0 0 0 0 0 0 0
1760 0 0 0 0 0 0 0
1765 0 0 0 0 0 0 0
1770 0 0 0 0 0 0 0
1775 0 0 0 1 0 0 0
1780 0 0 1 0 1 0 1
1785 0 0 1 0 1 0 1
1790 0 0 1 0 3 0 1
1795 0 0 1 0 3 0 1
1800 0 0 1 0 3 0 1
1805 0 0 1 0 3 0 1
1810 0 0 1 0 3 0 1
1815 0 0 1 0 3 0 1
1820 0 0 1 0 3 0 1
1825 0 0 1 0 3 0 1
1830 0 0 1 0 4 0 1
1835 0 0 1 0 4 0 1
1840 0 0 0 0 0 0 1
1845 0 0 0 0 0 0 1
1850 0 0 0 0 0 0 0
1855 0 0 0 0 0 0 0
1860 0 0 0 0 0 0 0
1865 0 0 0 0 0 0 0
1870 0 0 0 0 0 0 0
1875 0 0 0 0 0 0 0
1880 0 0 0 0 0 0 0
1885 0 0 0 0 0 0 1
1890 0 0 0 0 0 0 1
1895 0 0 0 0 0 0 0
1900 0 0 0 0 0 0 0
1905 0 0 0 0 0 0 0
1910 0 0 0 0 0 0 0
1915 0 0 0 0 0 0 1
1920 0 0 0 0 0 0 1
1925 0 0 0 0 0 0 0
1930 0 0 0 0 0 0 0
1935 0 0 0 0 0 0 1
1940 0 0 0 0 0 0 1
1945 0 0 0 0 0 0 0
1950 0 0 0 0 0 0 0
1955 0 0 0 0 0 0 0
1960 0 0 0 0 0 0 0
1965 0 0 0 0 0 0 0
1970 0 0 0 0 0 0 0
1975 0 0 0 0 0 0 0
1980 0 0 0 0 0 0 0
1985 0 0 0 0 0 0 0
1990 0 0 0 0 0 0 0
1995 0 0 0 0 0 0 0
2000 0 0 0 0 0 0 0
2005 0 0 0 0 0 0 0
2010 0 0 0 0 0 0 0
2015 0 0 0 0 0 0 0
2020 0 0 0 0 0 0 0
2025 0 0 0 0 0 0 0
2030 0 0 0 0 0 0 0
2035 0 0 0 0 0 0 0
2040 0 0 0 0 0 0 0
2045 0 0 0 1 0 0 0
2050 0 0 1 0 1 0 1
2055 0 0 1 0 1 0 1
2060 0 0 1 0 2 0 1
2065 0 0 1 0 2 0 1
2070 0 0 1 0 2 0 1
2075 0 1 1 0 2 0 1
2080 0 1 1 0 2 0 1
2085 0 0 1 0 2 0 1
2090 0 0 1 0 2 0 1
2095 0 0 1 0 2 0 1
2100 0 0 1 0 3 0 1
2105 0 0 1 0 3 0 1
2110 0 0 1 0 3 0 1
2115 0 0 1 0 3 0 1
2120 0 0 1 0 3 0 1
2125 0 0 1 0 4 0 1
2130 0 0 1 0 4 0 1
2135 0 0 1 0 4 0 1
2140 0 0 1 0 4 0 1
2145 0 0 0 1 4 0 0
2150 0 0 0 0 0 0 0
2155 0 0 0 0 0 0 0
2160 0 0 0 0 0 0 0
2165 0 0 0 0 0 0 0
2170 0 0 0 0 0 0 0
2175 0 0 0 0 0 0 0
2180 0 0 0 0 0 0 0
2185 0 0 0 0 0 0 0
2190 0 0 0 0 0 0 0
2195 0 0 0 0 0 0 0
2200 0 0 0 0 0 0 0
2205 0 0 0 0 0 0 0
2210 0 0 0 0 0 0 0
2215 0 0 0 0 0 0 0
2220 0 0 0 0 0 0 0
2225 0 0 1 0 1 0 1
2230 0 0 1 0 1 0 1
2235 0 0 1 0 3 0 1
2240 0 0 1 0 3 0 1
2245 0 0 1 0 3 0 1
2250 0 0 1 0 3 0 1
2255 0 0 1 0 3 0 1
2260 0 0 1 0 3 0 1
2265 0 0 1 0 3 0 1
2270 0 0 1 0 3 0 1
2275 0 0 1 0 3 0 1
2280 0 0 1 0 4 0 1
2285 0 0 1 0 4 0 1
2290 0 0 0 1 4 0 0
2295 0 0 0 0 0 0 0
2300 0 0 0 0 0 0 0
2305 0 0 0 0 0 0 0
2310 0 0 0 0 0 0 0
2315 0 0 0 0 0 0 0
2320 0 0 0 0 0 0 0
2325 0 0 0 0 0 0 0
2330 0 0 0 0 0 0 0
2335 0 0 0 0 0 0 0
2340 0 0 0 0 0 0 0
2345 0 0 0 0 0 0 0
2350 0 0 0 0 0 0 0
2355 0 0 0 0 0 0 0
2360 0 0 0 0 0 0 0
2365 0 0 0 0 0 0 0
2370 0 0 0 0 0 0 0
2375 0 0 0 0 0 0 0
2380 0 0 0 0 0 0 0
2385 0 0 0 0 0 0 0
2390 0 0 0 0 0 0 0
2395 0 0 0 0 0 0 0
2400 0 0 0 0 0 0 0
2405 0 0 0 0 0 0 0
2410 0 0 0 0 0 0 0
2415 0 0 0 0 0 0 0
2420 0 0 0 0 0 0 0
2425 0 0 0 0 0 0 0
2430 0 0 0 0 0 0 0
2435 0 0 0 0 0 0 0
2440 0 0 0 0 0 0 0
2445 0 0 0 0 0 0 0
2450 0 0 0 0 0 0 0
2455 0 0 0 0 0 0 0
2460 0 0 0 0 0 0 0
2465 0 0 0 0 0 0 0
2470 0 0 0 0 0 0 0
2475 0 0 0 0 0 0 0
2480 0 0 0 0 0 0 0
2485 0 0 0 0 0 0 0
2490 0 0 0 0 0 0 0
2495 0 0 0 0 0 0 0
2500 0 0 0 0 0 0 0
2505 0 0 0 0 0 0 0
2510 0 0 0 0 0 0 0
2515 0 0 0 0 0 0 0
2520 0 0 0 0 0 0 0
2525 0 0 0 0 0 0 0
2530 0 0 0 0 0 0 0
2535 0 0 0 0 0 0 0
2540 0 0 0 0 0 0 0
2545 0 0 0 0 0 0 0
2550 0 0 0 0 0 0 0
