0 0 0 0 0 0 0 0
5 0 0 0 0 0 0 0
10 0 0 0 0 0 0 0
15 0 0 0 0 0 0 0
20 0 0 0 0 0 0 0
25 0 0 0 0 0 0 0
30 0 0 0 0 0 0 0
35 0 0 0 0 0 0 0
40 0 0 0 0 0 0 0
45 0 0 0 0 0 0 0
50 0 0 0 0 0 0 0
55 0 0 0 0 0 0 0
60 0 0 0 0 0 0 0
65 0 0 0 0 0 0 0
70 0 0 0 0 0 0 0
75 0 0 0 0 0 0 0
80 0 0 0 0 0 0 0
85 0 0 0 0 0 0 0
90 0 0 0 0 0 0 0
95 0 0 0 0 0 0 0
100 0 0 0 0 0 0 0
105 0 0 0 0 0 0 0
110 0 0 0 0 0 0 0
115 0 0 0 0 0 0 0
120 0 0 0 0 0 0 0
125 0 0 0 1 0 0 0
130 0 0 0 1 0 0 0
135 0 0 0 1 0 0 0
140 0 0 0 1 0 0 0
145 0 0 0 1 0 0 0
150 0 0 0 1 0 0 0
155 0 0 0 1 0 0 0
160 0 0 0 1 0 0 0
165 0 1 0 0 1 0 1
170 0 1 0 0 1 0 1
175 0 1 0 0 1 0 1
180 0 1 0 0 3 0 1
185 0 1 0 0 3 0 1
190 0 1 0 0 3 0 1
195 0 1 0 0 3 0 1
200 0 1 0 0 3 0 1
205 0 1 0 0 3 0 1
210 0 1 0 0 3 0 1
215 0 1 0 0 3 0 1
220 0 1 0 0 3 0 1
225 0 1 0 0 3 0 1
230 0 1 0 0 3 0 1
235 0 1 0 0 3 0 1
240 0 1 0 0 4 0 1
245 0 1 0 0 4 0 1
250 0 1 0 0 4 0 1
255 0 1 0 0 4 0 1
260 0 1 0 0 4 0 1
265 0 1 0 0 4 0 1
270 0 1 0 0 4 0 1
275 0 1 0 1 4 0 0
280 0 1 0 1 4 0 0
285 0 1 0 1 4 0 0
290 0 0 0 0 0 0 0
295 0 0 0 0 0 0 0
300 0 0 0 0 0 0 0
305 0 0 0 0 0 0 0
310 0 0 0 0 0 0 0
315 0 0 0 0 0 0 0
320 0 0 0 0 0 0 0
325 0 0 0 0 0 0 0
330 0 0 0 0 0 0 0
335 0 0 0 0 0 0 0
340 0 0 0 0 0 0 0
345 0 0 0 0 0 0 0
350 0 0 0 0 0 0 0
355 0 0 0 0 0 0 0
360 0 0 0 0 0 0 0
365 0 0 0 0 0 0 0
370 0 0 0 0 0 0 0
375 0 0 0 0 0 0 0
380 0 1 0 0 1 0 0
385 0 1 0 0 0 0 0
390 0 0 0 0 0 0 0
395 0 0 0 0 0 0 0
400 0 0 0 0 0 0 0
405 0 0 0 0 0 0 0
410 0 0 0 0 0 0 0
415 0 0 0 0 0 0 0
420 0 0 0 0 0 0 0
425 0 0 0 0 0 0 0
430 0 0 0 0 0 0 0
435 0 0 0 0 0 0 0
440 0 0 0 0 0 0 0
445 0 0 0 0 0 0 0
450 0 1 0 0 0 0 0
455 0 1 0 0 0 0 0
460 0 1 0 0 0 0 0
465 1 0 0 0 1 1 0
470 1 0 0 0 1 1 0
475 1 0 0 0 2 1 0
480 1 0 0 0 2 1 0
485 1 0 0 0 2 1 0
490 1 0 0 0 2 1 0
495 1 0 0 0 2 1 0
500 1 0 0 0 2 1 0
505 1 0 0 0 2 1 0
510 1 0 0 0 2 1 0
515 1 0 0 0 2 1 0
520 1 0 0 0 2 1 0
525 1 0 0 0 2 1 0
530 1 0 0 0 2 1 0
535 1 0 0 1 2 1 0
540 1 0 0 0 3 1 0
545 1 0 0 0 3 1 0
550 1 0 0 0 3 1 0
555 1 0 0 0 3 1 0
560 1 0 0 0 3 1 0
565 1 0 0 0 3 1 0
570 1 0 0 0 3 1 0
575 1 0 0 0 3 1 0
580 1 0 0 0 3 1 0
585 1 0 0 0 3 1 0
590 1 0 0 0 3 1 0
595 1 0 0 0 3 1 0
600 1 0 0 0 3 1 0
605 1 0 0 0 3 1 0
610 1 0 0 0 3 1 0
615 1 0 0 0 3 1 0
620 1 0 0 0 3 1 0
625 1 0 0 0 3 1 0
630 1 0 0 0 3 1 0
635 1 0 0 0 3 1 0
640 1 0 0 0 3 1 0
645 1 0 0 0 3 1 0
650 1 0 0 0 3 1 0
655 1 0 0 0 3 1 0
660 1 0 0 0 3 1 0
665 1 0 0 0 3 1 0
670 1 0 0 0 3 1 0
675 1 0 0 0 3 1 0
680 1 0 0 0 4 1 0
685 1 0 0 0 4 1 0
690 1 0 0 0 4 1 0
695 1 0 0 0 4 1 0
700 1 0 0 0 4 1 0
705 1 0 0 0 4 1 0
710 1 0 0 0 4 1 0
715 0 1 0 0 4 0 0
720 0 0 0 0 0 0 0
725 0 0 0 0 0 0 0
730 0 0 0 0 0 0 0
735 0 0 0 0 0 0 0
740 0 0 0 0 0 0 0
745 0 0 0 0 0 0 0
750 0 0 0 0 0 0 0
755 0 0 0 0 0 0 0
760 0 0 0 0 0 0 0
765 0 0 0 0 0 0 0
770 0 0 0 0 0 0 0
775 0 0 0 0 0 0 0
780 0 0 0 0 0 0 0
785 0 0 0 0 0 0 0
790 0 0 0 0 0 0 0
795 0 0 0 0 0 0 0
800 0 0 0 0 0 0 0
805 0 0 0 0 0 0 0
810 0 0 0 0 0 0 0
815 0 0 0 0 0 0 0
820 0 0 0 0 0 0 0
825 0 0 0 0 0 0 0
830 0 0 0 0 0 0 0
835 0 0 0 0 0 0 0
840 0 1 0 0 0 0 0
845 0 1 0 0 0 0 0
850 0 0 0 0 0 0 0
855 0 0 0 0 0 0 0
860 0 0 0 0 0 0 0
865 0 0 0 0 0 0 0
870 0 1 0 0 0 0 0
875 0 1 0 0 0 0 0
880 0 1 0 0 0 0 0
885 1 0 0 0 1 1 0
890 1 0 0 0 2 1 0
895 1 0 0 0 2 1 0
900 1 0 0 0 2 1 0
905 1 0 0 0 2 1 0
910 1 0 0 0 2 1 0
915 1 0 0 0 2 1 0
920 1 0 0 0 2 1 0
925 1 0 0 0 2 1 0
930 1 0 0 0 2 1 0
935 1 0 0 1 2 1 0
940 1 0 0 1 2 1 0
945 1 0 0 1 2 1 0
950 1 0 0 0 3 1 0
955 1 0 0 0 3 1 0
960 1 0 0 0 3 1 0
965 1 0 0 0 3 1 0
970 1 0 0 0 3 1 0
975 1 0 0 0 3 1 0
980 1 0 0 0 3 1 0
985 1 0 0 0 3 1 0
990 1 0 0 0 3 1 0
995 1 0 0 0 3 1 0
1000 1 0 0 0 3 1 0
1005 1 0 0 0 3 1 0
1010 1 0 0 0 3 1 0
1015 1 0 0 0 3 1 0
1020 1 0 0 0 3 1 0
1025 1 0 0 0 3 1 0
1030 1 0 0 0 3 1 0
1035 1 0 0 0 3 1 0
1040 1 0 0 0 4 1 0
1045 1 0 0 0 4 1 0
1050 1 0 0 0 4 1 0
1055 1 0 0 0 4 1 0
1060 1 0 0 0 4 1 0
1065 1 0 0 0 4 1 0
1070 1 0 0 0 4 1 0
1075 1 0 0 0 4 1 0
1080 0 1 0 0 4 0 0
1085 0 1 0 0 4 0 0
1090 0 1 0 0 4 0 0
1095 0 0 0 0 0 0 0
1100 0 0 0 0 0 0 0
1105 0 0 0 0 0 0 0
1110 0 0 0 0 0 0 0
1115 0 0 0 0 0 0 0
1120 0 0 0 0 0 0 0
1125 0 0 0 0 0 0 0
1130 0 0 0 0 0 0 0
1135 0 0 0 0 0 0 0
1140 0 0 0 0 0 0 0
1145 0 0 0 0 0 0 0
1150 0 0 0 0 0 0 0
1155 0 1 0 0 0 0 0
1160 0 1 0 0 0 0 0
1165 0 1 0 0 0 0 0
1170 0 1 0 0 0 0 0
1175 0 1 0 0 0 0 0
1180 0 0 0 0 0 0 0
1185 0 0 0 0 0 0 0
1190 0 0 0 0 0 0 0
1195 0 0 0 0 0 0 0
1200 0 1 0 0 0 0 0
1205 0 1 0 0 0 0 0
1210 0 0 0 0 0 0 0
1215 0 0 0 0 0 0 0
1220 0 0 0 0 0 0 0
1225 0 0 0 0 0 0 0
1230 0 1 0 0 0 0 0
1235 0 1 0 0 0 0 0
1240 0 1 0 0 0 0 0
1245 0 0 0 0 0 0 0
1250 0 0 0 0 0 0 0
1255 0 0 0 0 0 0 0
1260 0 1 0 0 0 0 0
1265 0 1 0 0 0 0 0
1270 0 1 0 0 0 0 0
1275 0 1 0 0 0 0 0
1280 0 1 0 0 0 0 0
1285 0 1 0 0 0 0 0
1290 1 0 0 0 1 1 0
1295 1 0 0 0 1 1 0
1300 1 0 0 0 2 1 0
1305 1 0 0 0 2 1 0
1310 1 0 0 0 2 1 0
1315 1 0 0 0 2 1 0
1320 1 0 0 1 2 1 0
1325 1 0 0 1 2 1 0
1330 1 0 0 1 2 1 0
1335 1 0 0 1 2 1 0
1340 1 0 0 1 2 1 0
1345 1 0 0 1 2 1 0
1350 1 0 0 1 2 1 0
1355 1 0 0 0 2 1 0
1360 1 0 0 0 2 1 0
1365 1 0 0 0 2 1 0
1370 1 0 0 0 2 1 0
1375 1 0 0 0 2 1 0
1380 1 0 0 0 2 1 0
1385 1 0 0 1 2 1 0
1390 1 0 0 1 2 1 0
1395 1 0 0 0 3 1 0
1400 1 0 0 0 3 1 0
1405 1 0 0 0 3 1 0
1410 1 0 0 0 3 1 0
1415 1 0 0 0 3 1 0
1420 1 0 0 0 3 1 0
1425 1 0 0 0 3 1 0
1430 1 0 0 0 3 1 0
1435 1 0 0 0 3 1 0
1440 1 0 0 0 3 1 0
1445 1 0 0 0 3 1 0
1450 1 0 0 0 4 1 0
1455 1 0 0 0 4 1 0
1460 1 0 0 0 4 1 0
1465 1 0 0 0 4 1 0
1470 1 0 0 0 4 1 0
1475 1 0 0 0 4 1 0
1480 0 1 0 0 4 0 0
1485 0 1 0 0 4 0 0
1490 0 0 0 0 0 0 0
1495 0 0 0 0 0 0 0
1500 0 0 0 0 0 0 0
1505 0 0 0 0 0 0 0
1510 0 0 0 0 0 0 0
1515 0 0 0 0 0 0 0
1520 0 0 0 0 0 0 0
1525 0 0 0 0 0 0 0
1530 0 0 0 0 0 0 0
1535 0 0 0 0 0 0 0
1540 0 0 0 0 0 0 0
1545 0 0 0 0 0 0 0
1550 0 0 0 0 0 0 0
1555 0 1 0 0 0 0 0
1560 0 1 0 0 0 0 0
1565 1 0 0 0 1 1 0
1570 1 0 0 0 2 1 0
1575 1 0 0 0 2 1 0
1580 1 0 0 0 2 1 0
1585 1 0 0 0 2 1 0
1590 1 0 0 0 2 1 0
1595 1 0 0 0 2 1 0
1600 1 0 0 0 2 1 0
1605 1 0 0 0 2 1 0
1610 1 0 0 0 2 1 0
1615 1 0 0 0 2 1 0
1620 1 0 0 1 2 1 0
1625 1 0 0 1 2 1 0
1630 1 0 0 1 2 1 0
1635 1 0 0 1 2 1 0
1640 1 0 0 1 2 1 0
1645 1 0 0 1 2 1 0
1650 1 0 0 0 2 1 0
1655 1 0 0 0 2 1 0
1660 1 0 0 0 2 1 0
1665 1 0 0 0 2 1 0
1670 1 0 0 0 2 1 0
1675 1 0 0 0 2 1 0
1680 1 0 0 1 2 1 0
1685 1 0 0 0 3 1 0
1690 1 0 0 0 3 1 0
1695 1 0 0 0 3 1 0
1700 1 0 0 0 3 1 0
1705 1 0 0 0 3 1 0
1710 1 0 0 0 3 1 0
1715 1 0 0 0 3 1 0
1720 1 0 0 0 3 1 0
1725 1 0 0 0 3 1 0
1730 1 0 0 0 3 1 0
1735 1 0 0 0 3 1 0
1740 1 0 0 0 3 1 0
1745 1 0 0 0 3 1 0
1750 1 0 0 0 3 1 0
1755 1 0 0 0 4 1 0
1760 1 0 0 0 4 1 0
1765 1 0 0 0 3 1 0
1770 1 0 0 0 3 1 0
1775 1 0 0 0 3 1 0
1780 1 0 0 0 4 1 0
1785 1 0 0 0 4 1 0
1790 1 0 0 0 4 1 0
1795 0 1 0 0 4 0 0
1800 0 1 0 0 4 0 0
1805 0 0 0 0 0 0 0
1810 0 0 0 0 0 0 0
1815 0 0 0 0 0 0 0
1820 0 0 0 0 0 0 0
1825 0 0 0 0 0 0 0
1830 0 0 0 0 0 0 0
1835 0 0 0 0 0 0 0
1840 0 0 0 0 0 0 0
1845 0 0 0 0 0 0 0
1850 0 0 0 0 0 0 0
1855 0 0 0 0 0 0 0
1860 0 0 0 0 0 0 0
1865 0 0 0 0 0 0 0
1870 0 0 0 0 0 0 0
1875 0 1 0 0 0 0 0
1880 1 0 0 0 1 1 0
1885 1 0 0 0 1 1 0
1890 1 0 0 0 1 1 0
1895 1 0 0 0 3 1 0
1900 1 0 0 0 3 1 0
1905 1 0 0 0 3 1 0
1910 1 0 0 0 3 1 0
1915 1 0 0 0 3 1 0
1920 1 0 0 0 3 1 0
1925 1 0 0 0 3 1 0
1930 1 0 0 0 3 1 0
1935 1 0 0 0 3 1 0
1940 1 0 0 0 3 1 0
1945 1 0 0 0 3 1 0
1950 1 0 0 0 3 1 0
1955 1 0 0 0 3 1 0
1960 1 0 0 0 3 1 0
1965 1 0 0 0 4 1 0
1970 1 0 0 0 4 1 0
1975 1 0 0 0 4 1 0
1980 1 0 0 0 4 1 0
1985 1 0 0 0 4 1 0
1990 1 0 0 0 4 1 0
1995 1 0 0 0 4 1 0
2000 1 0 0 0 4 1 0
2005 1 0 0 0 4 1 0
2010 1 0 0 0 4 1 0
2015 1 0 0 0 4 1 0
2020 1 0 0 0 4 1 0
2025 1 0 0 0 4 1 0
2030 1 0 0 0 4 1 0
2035 1 0 0 0 4 1 0
2040 1 0 0 0 4 1 0
2045 1 0 0 0 4 1 0
2050 1 0 0 0 4 1 0
2055 1 0 0 0 4 1 0
2060 1 0 0 0 4 1 0
2065 0 1 0 0 4 0 0
2070 0 1 0 0 4 0 0
2075 0 0 0 0 0 0 0
2080 0 0 0 0 0 0 0
2085 0 0 0 0 0 0 0
2090 0 0 0 0 0 0 0
2095 0 0 0 0 0 0 0
2100 0 0 0 0 0 0 0
2105 0 0 0 0 0 0 0
2110 0 0 0 0 0 0 0
2115 0 0 0 0 0 0 0
2120 0 0 0 0 0 0 0
2125 0 0 0 0 0 0 0
2130 0 0 0 0 0 0 0
2135 0 0 0 0 0 0 0
2140 0 0 0 0 0 0 0
2145 0 0 0 0 0 0 0
2150 0 0 0 0 0 0 0
2155 0 0 0 0 0 0 0
2160 0 0 0 0 0 0 0
2165 0 0 0 0 0 0 0
2170 0 0 0 0 0 0 0
2175 0 0 0 0 0 0 0
2180 0 0 0 0 0 0 0
2185 0 0 0 0 0 0 0
2190 0 0 0 0 0 0 0
2195 0 0 0 0 0 0 0
2200 0 0 0 0 0 0 0
2205 0 0 0 0 0 0 0
2210 1 0 0 0 1 1 0
2215 1 0 0 0 1 1 0
2220 1 0 0 0 3 1 0
2225 1 0 0 0 3 1 0
2230 1 0 0 0 3 1 0
2235 1 0 0 0 3 1 0
2240 1 0 0 0 3 1 0
2245 1 0 0 0 3 1 0
2250 1 0 0 0 3 1 0
2255 1 0 0 0 3 1 0
2260 1 0 0 0 3 1 0
2265 1 0 0 0 3 1 0
2270 1 0 0 0 3 1 0
2275 1 0 0 0 3 1 0
2280 1 0 0 0 3 1 0
2285 1 0 0 0 3 1 0
2290 1 0 0 0 3 1 0
2295 1 0 0 0 3 1 0
2300 1 0 0 0 3 1 0
2305 1 0 0 0 3 1 0
2310 1 0 0 0 3 1 0
2315 1 0 0 0 3 1 0
2320 1 0 0 0 3 1 0
2325 1 0 0 0 3 1 0
2330 1 0 0 0 3 1 0
2335 1 0 0 0 3 1 0
2340 1 0 0 0 3 1 0
2345 1 0 0 0 3 1 0
2350 1 0 0 0 3 1 0
2355 1 0 0 0 3 1 0
2360 1 0 0 0 3 1 0
2365 1 0 0 0 3 1 0
2370 1 0 0 0 3 1 0
2375 1 0 0 0 3 1 0
2380 1 0 0 0 3 1 0
2385 1 0 0 0 3 1 0
2390 1 0 0 0 3 1 0
2395 1 0 0 0 3 1 0
2400 1 0 0 0 3 1 0
2405 1 0 0 0 3 1 0
2410 1 0 0 0 4 1 0
2415 1 0 0 0 4 1 0
2420 1 0 0 0 4 1 0
2425 0 1 0 0 4 0 0
2430 0 0 0 0 0 0 0
2435 0 0 0 0 0 0 0
2440 0 0 0 0 0 0 0
2445 0 0 0 0 0 0 0
2450 0 0 0 0 0 0 0
2455 0 0 0 0 0 0 0
2460 0 0 0 0 0 0 0
2465 0 0 0 0 0 0 0
2470 0 0 0 0 0 0 0
2475 0 0 0 0 0 0 0
2480 0 0 0 0 0 0 0
2485 0 0 0 0 0 0 0
2490 0 0 0 0 0 0 0
2495 0 0 0 0 0 0 0
2500 0 0 0 0 0 0 0
2505 0 0 0 0 0 0 0
2510 0 0 0 0 0 0 0
2515 0 0 0 0 0 0 0
2520 0 0 0 0 0 0 0
2525 0 0 0 0 0 0 0
