0 0 0 0 0 0 0 0
5 0 0 0 0 0 0 0
10 0 0 0 0 0 0 0
15 0 0 0 0 0 0 0
20 0 0 0 0 0 0 0
25 0 0 0 0 0 0 0
30 0 1 0 0 0 0 0
35 0 1 0 0 0 0 0
40 0 1 0 0 0 0 0
45 0 1 0 0 0 0 0
50 0 1 0 0 0 1 0
55 0 0 0 0 0 1 0
60 0 0 0 0 0 0 0
65 0 0 0 0 0 0 0
70 0 1 0 0 0 0 0
75 1 0 0 0 1 1 0
80 1 0 0 0 2 1 0
85 1 0 0 0 2 1 0
90 1 0 0 0 2 1 0
95 1 0 0 0 2 1 0
100 1 0 0 0 2 1 0
105 1 0 0 0 2 1 0
110 1 0 0 1 2 1 0
115 0 0 0 0 0 0 0
120 0 0 0 0 0 0 0
125 0 0 0 0 0 0 0
130 0 1 0 0 0 0 0
135 0 1 0 0 0 0 0
140 0 1 0 0 0 1 0
145 0 0 0 0 0 1 0
150 0 0 0 0 0 0 0
155 0 0 0 0 0 0 0
160 0 0 0 0 0 0 0
165 0 1 0 0 0 0 0
170 1 0 0 0 1 1 0
175 1 0 0 0 1 1 0
180 1 0 0 0 2 1 0
185 1 0 0 0 2 1 0
190 1 0 0 0 2 1 0
195 1 0 0 0 2 1 0
200 1 0 0 0 2 1 0
205 1 0 0 1 2 1 0
210 1 0 0 1 3 1 0
215 1 0 0 1 3 1 0
220 1 0 0 0 3 1 0
225 1 0 0 0 3 1 0
230 1 0 0 0 3 1 0
235 1 0 0 0 3 1 0
240 1 0 0 0 3 1 0
245 1 0 0 0 3 1 0
250 1 0 0 0 3 1 0
255 1 0 0 0 3 1 0
260 1 0 0 0 3 1 0
265 1 0 0 0 3 1 0
270 1 0 0 0 3 1 0
275 1 0 0 0 3 1 0
280 1 0 0 0 3 1 0
285 1 0 0 0 3 1 0
290 1 0 0 0 3 1 0
295 1 0 0 0 3 1 0
300 1 0 0 0 3 1 0
305 1 0 0 0 3 1 0
310 1 0 0 0 3 1 0
315 1 0 0 0 3 1 0
320 1 0 0 0 3 1 0
325 1 0 0 0 3 1 0
330 1 0 0 0 3 1 0
335 1 0 0 0 3 1 0
340 1 0 0 0 4 1 0
345 1 0 0 0 4 1 0
350 1 0 0 0 4 1 0
355 1 0 0 0 4 1 0
360 1 0 0 0 4 1 0
365 1 0 0 0 4 1 0
370 1 0 0 0 4 1 0
375 1 0 0 0 4 1 0
380 1 0 0 0 4 1 0
385 0 1 0 0 4 0 0
390 0 1 0 0 4 0 0
395 0 1 0 0 4 0 0
400 0 0 0 0 0 0 0
405 0 0 0 0 0 0 0
410 0 0 0 0 0 0 0
415 0 0 0 0 0 0 0
420 0 0 0 0 0 0 0
425 0 0 0 0 0 0 0
430 0 0 0 0 0 0 0
435 0 0 0 0 0 0 0
440 0 0 0 0 0 0 0
445 0 0 0 0 0 0 0
450 0 0 0 0 0 0 0
455 0 0 0 0 0 0 0
460 0 0 0 0 0 0 0
465 0 0 0 0 0 0 0
470 0 0 0 0 0 0 0
475 0 0 0 0 0 0 0
480 0 0 0 0 0 0 0
485 0 0 0 0 0 0 0
490 0 0 0 0 0 0 0
495 0 1 0 0 0 0 0
500 0 1 0 0 0 0 0
505 1 0 0 0 1 1 0
510 1 0 0 0 1 1 0
515 0 0 0 0 0 1 0
520 0 0 0 0 0 0 0
525 0 0 0 0 0 0 0
530 0 0 0 0 0 0 0
535 0 0 0 0 0 0 0
540 0 1 0 0 0 0 0
545 0 1 0 0 0 0 0
550 0 1 0 0 0 1 0
555 0 0 0 0 0 0 0
560 0 0 0 0 0 0 0
565 0 0 0 0 0 0 0
570 0 0 0 0 0 0 0
575 0 0 0 0 0 0 0
580 0 0 0 0 0 0 0
585 0 0 0 0 0 0 0
590 0 1 0 0 0 0 0
595 0 1 0 0 0 1 0
600 0 1 0 0 0 1 0
605 0 0 0 0 0 0 0
610 0 0 0 0 0 0 0
615 0 1 0 0 0 0 0
620 1 0 0 0 1 1 0
625 1 0 0 0 1 1 0
630 0 0 0 0 0 1 0
635 0 0 0 0 0 0 0
640 0 0 0 0 0 0 0
645 0 0 0 0 0 0 0
650 0 1 0 0 0 0 0
655 0 1 0 0 0 0 0
660 0 1 0 0 0 0 0
665 1 0 0 0 1 1 0
670 1 0 0 0 3 1 0
675 1 0 0 0 3 1 0
680 1 0 0 0 3 1 0
685 1 0 0 0 3 1 0
690 1 0 0 0 3 1 0
695 1 0 0 0 3 1 0
700 1 0 0 0 3 1 0
705 1 0 0 0 3 1 0
710 1 0 0 0 3 1 0
715 1 0 0 0 3 1 0
720 1 0 0 0 3 1 0
725 1 0 0 0 3 1 0
730 1 0 0 0 3 1 0
735 1 0 0 0 3 1 0
740 1 0 0 0 3 1 0
745 1 0 0 0 3 1 0
750 1 0 0 0 3 1 0
755 1 0 0 0 3 1 0
760 1 0 0 0 3 1 0
765 1 0 0 0 3 1 0
770 1 0 0 0 3 1 0
775 1 0 0 0 3 1 0
780 1 0 0 0 3 1 0
785 1 0 0 0 3 1 0
790 1 0 0 0 3 1 0
795 1 0 0 0 4 1 0
800 1 0 0 0 4 1 0
805 1 0 0 0 4 1 0
810 1 0 0 0 4 1 0
815 1 0 0 0 4 1 0
820 1 0 0 0 4 1 0
825 1 0 0 0 4 1 0
830 0 1 0 0 4 0 0
835 0 1 0 0 4 0 0
840 0 0 0 0 0 0 0
845 0 0 0 0 0 0 0
850 0 0 0 0 0 0 0
855 0 0 0 0 0 0 0
860 0 0 0 0 0 0 0
865 0 0 0 0 0 0 0
870 0 0 0 0 0 0 0
875 0 0 0 0 0 0 0
880 0 0 0 0 0 0 0
885 0 0 0 0 0 0 0
890 0 0 0 0 0 0 0
895 0 0 0 0 0 0 0
900 0 0 0 0 0 0 0
905 0 0 0 0 0 0 0
910 0 0 0 0 0 0 0
915 0 0 0 0 0 0 0
920 0 1 0 0 0 0 0
925 1 0 0 0 1 1 0
930 1 0 0 0 1 1 0
935 1 0 0 0 3 1 0
940 1 0 0 0 3 1 0
945 1 0 0 0 3 1 0
950 1 0 0 0 3 1 0
955 1 0 0 0 3 1 0
960 1 0 0 0 3 1 0
965 1 0 0 0 3 1 0
970 1 0 0 0 4 1 0
975 1 0 0 0 4 1 0
980 1 0 0 0 4 1 0
985 1 0 0 0 4 1 0
990 1 0 0 0 4 1 0
995 1 0 0 0 4 1 0
1000 1 0 0 0 4 1 0
1005 0 1 0 0 4 0 0
1010 0 0 0 0 0 0 0
1015 0 0 0 0 0 0 0
1020 0 0 0 0 0 0 0
1025 0 0 0 0 0 0 0
1030 0 0 0 0 0 0 0
1035 0 0 0 0 0 0 0
1040 0 0 0 0 0 0 0
1045 0 0 0 0 0 0 0
1050 0 0 0 0 0 0 0
1055 0 0 0 0 0 0 0
1060 0 0 0 0 0 0 0
1065 0 0 0 0 0 0 0
1070 0 0 0 0 0 0 0
1075 0 0 0 0 0 0 0
1080 0 0 0 0 0 0 0
1085 0 0 0 0 0 0 0
1090 1 0 0 0 1 1 0
1095 1 0 0 0 2 1 0
1100 1 0 0 0 2 1 0
1105 1 0 0 0 2 1 0
1110 1 0 0 0 2 1 0
1115 1 0 0 0 2 1 0
1120 1 0 0 0 2 1 0
1125 1 0 0 1 2 1 0
1130 1 0 0 1 2 1 0
1135 1 0 0 0 2 1 0
1140 1 0 0 0 3 1 0
1145 1 0 0 0 3 1 0
1150 1 0 0 0 3 1 0
1155 1 0 0 0 3 1 0
1160 1 0 0 0 3 1 0
1165 1 0 0 0 3 1 0
1170 1 0 0 0 3 1 0
1175 1 0 0 0 3 1 0
1180 1 0 0 0 3 1 0
1185 1 0 0 0 3 1 0
1190 1 0 0 0 3 1 0
1195 1 0 0 0 3 1 0
1200 1 0 0 0 3 1 0
1205 1 0 0 0 3 1 0
1210 1 0 0 0 3 1 0
1215 1 0 0 0 3 1 0
1220 1 0 0 0 3 1 0
1225 1 0 0 0 4 1 0
1230 1 0 0 0 4 1 0
1235 1 0 0 0 4 1 0
1240 0 1 0 0 4 0 0
1245 0 0 0 0 0 0 0
1250 0 0 0 0 0 0 0
1255 0 0 0 0 0 0 0
1260 0 0 0 0 0 0 0
1265 0 0 0 0 0 0 0
1270 0 0 0 0 0 0 0
1275 0 0 0 0 0 0 0
1280 0 0 0 0 0 0 0
1285 0 0 0 0 0 0 0
1290 0 0 0 0 0 0 0
1295 0 0 0 0 0 0 0
1300 0 0 0 0 0 0 0
1305 0 0 0 0 0 0 0
1310 0 0 0 0 0 0 0
1315 0 0 0 0 0 0 0
1320 0 1 0 0 0 0 0
1325 1 0 0 0 1 1 0
1330 1 0 0 0 2 1 0
1335 1 0 0 0 2 1 0
1340 1 0 0 0 2 1 0
1345 1 0 0 0 2 1 0
1350 1 0 0 0 2 1 0
1355 1 0 0 0 2 1 0
1360 1 0 0 0 2 1 0
1365 1 0 0 0 2 1 0
1370 1 0 0 0 2 1 0
1375 1 0 0 0 2 1 0
1380 1 0 0 1 2 1 0
1385 1 0 0 0 3 1 0
1390 1 0 0 0 3 1 0
1395 1 0 0 0 3 1 0
1400 1 0 0 0 3 1 0
1405 1 0 0 0 3 1 0
1410 1 0 0 0 3 1 0
1415 1 0 0 0 3 1 0
1420 1 0 0 0 3 1 0
1425 1 0 0 0 3 1 0
1430 1 0 0 0 3 1 0
1435 1 0 0 0 3 1 0
1440 1 0 0 0 3 1 0
1445 1 0 0 0 3 1 0
1450 1 0 0 0 3 1 0
1455 1 0 0 0 3 1 0
1460 1 0 0 0 4 1 0
1465 1 0 0 0 4 1 0
1470 1 0 0 0 4 1 0
1475 1 0 0 0 4 1 0
1480 1 0 0 0 4 1 0
1485 1 0 0 0 4 1 0
1490 1 0 0 0 4 1 0
1495 1 0 0 0 4 1 0
1500 0 0 0 0 0 0 0
1505 0 0 0 0 0 0 0
1510 0 0 0 0 0 0 0
1515 0 0 0 0 0 0 0
1520 0 0 0 0 0 0 0
1525 0 0 0 0 0 0 0
1530 0 0 0 0 0 0 0
1535 0 0 0 0 0 0 0
1540 0 0 0 0 0 0 0
1545 0 0 0 0 0 0 0
1550 0 0 0 0 0 0 0
1555 0 0 0 0 0 0 0
1560 0 0 0 0 0 0 0
1565 0 0 0 0 0 0 0
1570 0 0 0 0 0 0 0
1575 0 1 0 0 0 0 0
1580 0 1 0 0 0 0 0
1585 1 0 0 0 1 1 0
1590 1 0 0 0 3 1 0
1595 1 0 0 0 3 1 0
1600 1 0 0 0 3 1 0
1605 1 0 0 0 3 1 0
1610 1 0 0 0 3 1 0
1615 1 0 0 0 3 1 0
1620 1 0 0 0 3 1 0
1625 1 0 0 0 4 1 0
1630 1 0 0 0 4 1 0
1635 1 0 0 0 4 1 0
1640 1 0 0 0 4 1 0
1645 1 0 0 0 4 1 0
1650 1 0 0 0 4 1 0
1655 0 1 0 0 4 0 0
1660 0 1 0 0 4 0 0
1665 0 0 0 0 0 0 0
1670 0 0 0 0 0 0 0
1675 0 0 0 0 0 0 0
1680 0 0 0 0 0 0 0
1685 0 0 0 0 0 0 0
1690 0 0 0 0 0 0 0
1695 0 0 0 0 0 0 0
1700 0 1 0 0 0 0 0
1705 1 0 0 0 1 1 0
1710 1 0 0 0 1 1 0
1715 1 0 0 0 3 1 0
1720 1 0 0 0 3 1 0
1725 1 0 0 0 3 1 0
1730 1 0 0 0 3 1 0
1735 1 0 0 0 3 1 0
1740 1 0 0 0 3 1 0
1745 1 0 0 0 4 1 0
1750 1 0 0 0 4 1 0
1755 1 0 0 0 4 1 0
1760 0 1 0 0 4 0 0
1765 0 1 0 0 4 0 0
1770 0 1 0 0 4 0 0
1775 0 0 0 0 0 0 0
1780 0 0 0 0 0 0 0
1785 0 0 0 0 0 0 0
1790 0 0 0 0 0 0 0
1795 0 0 0 0 0 0 0
1800 0 0 0 0 0 0 0
1805 0 0 0 0 0 0 0
1810 0 0 0 0 0 0 0
1815 0 0 0 0 0 0 0
1820 0 0 0 0 0 0 0
1825 0 0 0 0 0 0 0
1830 0 0 0 0 0 0 0
1835 0 0 0 0 0 0 0
1840 0 0 0 0 0 0 0
1845 0 0 0 0 0 0 0
1850 0 0 0 0 0 0 0
1855 0 0 0 0 0 0 0
