0 0 0 0 0 0 0 0
5 0 0 0 0 0 0 0
10 0 0 0 0 0 0 0
15 0 0 0 0 0 0 0
20 0 0 0 0 0 0 0
25 0 0 0 0 0 0 0
30 0 1 0 0 0 0 0
35 1 0 0 0 1 1 0
40 1 0 0 0 1 1 0
45 1 0 0 0 3 1 0
50 1 0 0 0 3 1 0
55 1 0 0 0 3 1 0
60 1 0 0 0 3 1 0
65 1 0 0 0 3 1 0
70 1 0 0 0 3 1 0
75 1 0 0 0 3 1 0
80 1 0 0 0 3 1 0
85 1 0 0 0 3 1 0
90 1 0 0 0 4 1 0
95 1 0 0 0 4 1 0
100 1 0 0 0 4 1 0
105 1 0 0 0 3 1 0
110 1 0 0 0 3 1 0
115 1 0 0 0 4 1 0
120 0 1 0 0 4 0 0
125 0 0 0 0 0 0 0
130 0 0 0 0 0 0 0
135 0 0 0 0 0 0 0
140 0 0 0 0 0 0 0
145 0 0 0 0 0 0 0
150 0 0 0 0 0 0 0
155 0 0 0 0 0 0 0
160 0 0 0 0 0 0 0
165 0 0 0 0 0 0 0
170 0 1 0 0 0 0 0
175 1 0 0 0 1 1 0
180 1 0 0 0 3 1 0
185 1 0 0 0 3 1 0
190 1 0 0 0 3 1 0
195 1 0 0 0 3 1 0
200 1 0 0 0 3 1 0
205 1 0 0 0 3 1 0
210 1 0 0 0 3 1 0
215 1 0 0 0 3 1 0
220 1 0 0 0 3 1 0
225 1 0 0 0 3 1 0
230 1 0 0 0 3 1 0
235 1 0 0 0 3 1 0
240 1 0 0 0 3 1 0
245 1 0 0 0 3 1 0
250 1 0 0 0 3 1 0
255 1 0 0 0 3 1 0
260 1 0 0 0 3 1 0
265 1 0 0 0 3 1 0
270 1 0 0 0 3 1 0
275 1 0 0 0 3 1 0
280 1 0 0 0 3 1 0
285 1 0 0 0 3 1 0
290 1 0 0 0 3 1 0
295 1 0 0 0 3 1 0
300 1 0 0 0 3 1 0
305 1 0 0 0 3 1 0
310 0 0 0 0 0 1 0
315 0 0 0 0 0 1 0
320 0 0 0 0 0 0 0
325 0 0 0 0 0 0 0
330 0 0 0 0 0 0 0
335 0 0 0 0 0 0 0
340 0 0 0 0 0 0 0
345 0 0 0 0 0 0 0
350 0 0 0 0 0 0 0
355 0 0 0 0 0 0 0
360 0 0 0 0 0 0 0
365 0 0 0 0 0 0 0
370 0 0 0 0 0 0 0
375 0 1 0 0 0 0 0
380 1 0 0 0 1 1 0
385 1 0 0 0 1 1 0
390 1 0 0 0 3 1 0
395 1 0 0 0 3 1 0
400 1 0 0 0 3 1 0
405 1 0 0 0 3 1 0
410 1 0 0 0 3 1 0
415 1 0 0 0 3 1 0
420 1 0 0 0 3 1 0
425 1 0 0 0 3 1 0
430 1 0 0 0 3 1 0
435 1 0 0 0 3 1 0
440 1 0 0 0 4 1 0
445 1 0 0 0 4 1 0
450 0 1 0 0 4 0 0
455 0 1 0 0 4 0 0
460 0 1 0 0 4 0 0
465 0 0 0 0 0 0 0
470 0 0 0 0 0 0 0
475 0 0 0 0 0 0 0
480 0 0 0 0 0 0 0
485 0 0 0 0 0 0 0
490 0 0 0 0 0 0 0
495 0 0 0 0 0 0 0
500 0 0 0 0 0 0 0
505 0 0 0 0 0 0 0
510 0 0 0 0 0 0 0
515 0 0 0 0 0 0 0
520 0 0 0 0 0 0 0
525 0 0 0 0 0 0 0
530 0 0 0 0 0 0 0
535 0 0 0 0 0 0 0
540 0 0 0 0 0 0 0
545 0 0 0 0 0 0 0
550 0 1 0 0 0 0 0
555 0 1 0 0 0 0 0
560 1 0 0 0 1 1 0
565 1 0 0 0 1 1 0
570 1 0 0 0 2 1 0
575 1 0 0 0 2 1 0
580 1 0 0 0 2 1 0
585 1 0 0 1 2 1 0
590 1 0 0 1 2 1 0
595 1 0 0 0 2 1 0
600 1 0 0 0 2 1 0
605 1 0 0 0 2 1 0
610 1 0 0 0 2 1 0
615 1 0 0 0 2 1 0
620 1 0 0 0 2 1 0
625 1 0 0 0 2 1 0
630 1 0 0 0 2 1 0
635 1 0 0 0 2 1 0
640 1 0 0 0 2 1 0
645 1 0 0 0 2 1 0
650 1 0 0 0 2 1 0
655 1 0 0 0 2 1 0
660 1 0 0 0 2 1 0
665 1 0 0 0 2 1 0
670 1 0 0 0 2 1 0
675 1 0 0 0 2 1 0
680 1 0 0 0 2 1 0
685 1 0 0 0 2 1 0
690 1 0 0 0 2 1 0
695 1 0 0 0 2 1 0
700 1 0 0 0 2 1 0
705 1 0 0 0 2 1 0
710 1 0 0 0 2 1 0
715 1 0 0 0 2 1 0
720 1 0 0 0 4 1 0
725 0 1 0 0 4 0 0
730 0 1 0 0 4 0 0
735 0 0 0 0 0 0 0
740 0 0 0 0 0 0 0
745 0 0 0 0 0 0 0
750 0 0 0 0 0 0 0
755 0 0 0 0 0 0 0
760 0 0 0 0 0 0 0
765 0 0 0 0 0 0 0
770 0 0 0 0 0 0 0
775 0 0 0 0 0 0 0
780 0 0 0 0 0 0 0
785 0 0 0 0 0 0 0
790 0 0 0 0 0 0 0
795 0 0 0 0 0 0 0
800 0 0 0 0 0 0 0
805 0 0 0 0 0 0 0
810 0 0 0 0 0 0 0
815 0 0 0 0 0 0 0
820 1 0 0 0 1 1 0
825 1 0 0 0 1 1 0
830 1 0 0 0 1 1 0
835 1 0 0 0 2 1 0
840 1 0 0 0 2 1 0
845 1 0 0 1 2 1 0
850 1 0 0 1 2 1 0
855 1 0 0 1 2 1 0
860 1 0 0 1 2 1 0
865 1 0 0 1 2 1 0
870 1 0 0 1 2 1 0
875 1 0 0 1 2 1 0
880 1 0 0 1 2 1 0
885 1 0 0 0 3 1 0
890 1 0 0 0 3 1 0
895 1 0 0 0 3 1 0
900 1 0 0 0 3 1 0
905 1 0 0 0 3 1 0
910 1 0 0 0 3 1 0
915 1 0 0 0 3 1 0
920 1 0 0 0 3 1 0
925 1 0 0 0 3 1 0
930 1 0 0 0 3 1 0
935 1 0 0 0 4 1 0
940 1 0 0 0 4 1 0
945 1 0 0 0 4 1 0
950 0 1 0 0 4 0 0
955 0 1 0 0 4 0 0
960 0 0 0 0 0 0 0
965 0 0 0 0 0 0 0
970 0 0 0 0 0 0 0
975 0 0 0 0 0 0 0
980 0 0 0 0 0 0 0
985 0 0 0 0 0 0 0
990 0 0 0 0 0 0 0
995 0 0 0 0 0 0 0
1000 0 1 0 0 0 0 0
1005 1 0 0 0 1 1 0
1010 1 0 0 0 3 1 0
1015 1 0 0 0 3 1 0
1020 1 0 0 0 3 1 0
1025 1 0 0 0 3 1 0
1030 1 0 0 0 3 1 0
1035 1 0 0 0 3 1 0
1040 1 0 0 0 3 1 0
1045 1 0 0 0 3 1 0
1050 1 0 0 0 3 1 0
1055 1 0 0 0 3 1 0
1060 1 0 0 0 4 1 0
1065 1 0 0 0 4 1 0
1070 0 1 0 0 4 0 0
1075 0 1 0 0 4 0 0
1080 0 0 0 0 0 0 0
1085 0 0 0 0 0 0 0
1090 0 0 0 0 0 0 0
1095 0 0 0 0 0 0 0
1100 0 0 0 0 0 0 0
1105 0 0 0 0 0 0 0
1110 0 0 0 0 0 0 0
1115 0 0 0 0 0 0 0
1120 0 0 0 0 0 0 0
1125 0 0 0 0 0 0 0
1130 0 0 0 0 0 0 0
1135 0 0 0 0 0 0 0
1140 0 0 0 0 0 0 0
1145 0 0 0 0 0 0 0
1150 0 0 0 0 0 0 0
1155 0 0 0 0 0 0 0
1160 0 0 0 0 0 0 0
1165 0 0 0 0 0 0 0
1170 0 0 0 0 0 0 0
1175 0 0 0 0 0 0 0
1180 0 0 0 0 0 0 0
1185 0 0 0 0 0 0 0
1190 0 0 0 0 0 0 0
1195 0 1 0 0 0 0 0
1200 0 1 0 0 0 0 0
1205 0 0 0 0 0 0 0
1210 0 0 0 0 0 0 0
1215 0 1 0 0 0 0 0
1220 0 1 0 0 0 0 0
1225 0 1 0 0 0 0 0
1230 1 0 0 0 1 1 0
1235 1 0 0 0 1 1 0
1240 1 0 0 0 3 1 0
1245 1 0 0 0 3 1 0
1250 1 0 0 0 3 1 0
1255 1 0 0 0 3 1 0
1260 1 0 0 0 3 1 0
1265 1 0 0 0 3 1 0
1270 1 0 0 0 4 1 0
1275 0 1 0 0 4 0 0
1280 0 1 0 0 4 0 0
1285 0 0 0 0 0 0 0
1290 0 0 0 0 0 0 0
1295 0 0 0 0 0 0 0
1300 0 0 0 0 0 0 0
1305 0 0 0 0 0 0 0
1310 0 0 0 0 0 0 0
1315 0 0 0 0 0 0 0
1320 0 0 0 0 0 0 0
1325 0 0 0 0 0 0 0
1330 0 0 0 0 0 0 0
1335 0 0 0 0 0 0 0
1340 0 0 0 0 0 0 0
1345 0 0 0 0 0 0 0
1350 0 0 0 0 0 0 0
1355 0 0 0 0 0 0 0
1360 0 0 0 0 0 0 0
1365 0 0 0 0 0 0 0
1370 0 0 0 0 0 0 0
1375 0 0 0 0 0 0 0
1380 0 0 0 0 0 0 0
1385 0 0 0 0 0 0 0
1390 0 0 0 0 0 0 0
1395 0 0 0 0 0 0 0
1400 0 0 0 0 0 0 0
1405 0 0 0 0 0 0 0
