0 0 0 0 0 0 0 0
5 0 0 0 0 0 0 0
10 0 0 0 0 0 0 0
15 0 0 0 0 0 0 0
20 0 0 0 0 0 0 0
25 0 0 0 0 0 0 0
30 0 0 0 0 0 0 0
35 0 0 0 0 0 0 0
40 0 0 0 0 0 0 0
45 0 0 0 0 0 0 0
50 0 0 0 0 0 0 0
55 0 0 0 0 0 0 0
60 0 0 0 0 0 0 0
65 0 0 0 0 0 0 0
70 0 0 0 0 0 0 0
75 0 0 0 0 0 0 0
80 0 0 0 0 0 0 0
85 0 0 0 0 0 0 0
90 0 0 0 0 0 0 0
95 0 0 0 0 0 0 0
100 0 1 0 0 0 0 0
105 0 1 0 0 0 0 0
110 1 0 0 0 1 1 0
115 1 0 0 0 2 1 0
120 1 0 0 0 2 1 0
125 1 0 0 0 2 1 0
130 1 0 0 0 2 1 0
135 1 0 0 0 2 1 0
140 1 0 0 0 2 1 0
145 1 0 0 0 2 1 0
150 1 0 0 0 2 1 0
155 1 0 0 1 2 1 0
160 1 0 0 1 2 1 0
165 1 0 0 0 2 1 0
170 1 0 0 0 2 1 0
175 1 0 0 0 2 1 0
180 1 0 0 0 2 1 0
185 1 0 0 1 2 1 0
190 1 0 0 0 3 1 0
195 1 0 0 0 3 1 0
200 1 0 0 0 3 1 0
205 1 0 0 0 3 1 0
210 1 0 0 0 3 1 0
215 1 0 0 0 3 1 0
220 1 0 0 0 3 1 0
225 1 0 0 0 3 1 0
230 1 0 0 0 3 1 0
235 1 0 0 0 3 1 0
240 1 0 0 0 3 1 0
245 1 0 0 0 3 1 0
250 1 0 0 0 3 1 0
255 1 0 0 0 3 1 0
260 1 0 0 0 3 1 0
265 1 0 0 0 3 1 0
270 1 0 0 0 3 1 0
275 1 0 0 0 3 1 0
280 1 0 0 0 3 1 0
285 1 0 0 0 3 1 0
290 1 0 0 0 3 1 0
295 1 0 0 0 3 1 0
300 1 0 0 0 4 1 0
305 1 0 0 0 4 1 0
310 1 0 0 0 4 1 0
315 1 0 0 0 4 1 0
320 1 0 0 0 4 1 0
325 1 0 0 0 4 1 0
330 1 0 0 0 4 1 0
335 1 0 0 0 4 1 0
340 1 0 0 0 4 1 0
345 1 0 0 0 4 1 0
350 0 1 0 0 4 0 0
355 0 1 0 0 4 0 0
360 0 1 0 0 4 0 0
365 0 0 0 0 0 0 0
370 0 0 0 0 0 0 0
375 0 0 0 0 0 0 0
380 0 0 0 0 0 0 0
385 0 0 0 0 0 0 0
390 0 0 0 0 0 0 0
395 0 0 0 0 0 0 0
400 0 0 0 0 0 0 0
405 0 0 0 0 0 0 0
410 0 0 0 0 0 0 0
415 0 0 0 0 0 0 0
420 0 0 0 0 0 0 0
425 0 0 0 0 0 0 0
430 0 0 0 0 0 0 0
435 0 0 0 0 0 0 0
440 0 0 0 0 0 0 0
445 0 1 0 0 0 0 0
450 1 0 0 0 1 1 0
455 1 0 0 0 1 1 0
460 1 0 0 0 2 1 0
465 1 0 0 0 2 1 0
470 1 0 0 0 2 1 0
475 1 0 0 1 2 1 0
480 1 0 0 0 3 1 0
485 1 0 0 0 3 1 0
490 1 0 0 0 3 1 0
495 1 0 0 0 3 1 0
500 1 0 0 0 3 1 0
505 1 0 0 0 3 1 0
510 1 0 0 0 3 1 0
515 1 0 0 0 3 1 0
520 1 0 0 0 4 1 0
525 1 0 0 0 4 1 0
530 1 0 0 0 4 1 0
535 1 0 0 0 4 1 0
540 1 0 0 0 4 1 0
545 0 0 0 0 0 0 0
550 0 0 0 0 0 0 0
555 0 0 0 0 0 0 0
560 0 0 0 0 0 0 0
565 0 0 0 0 0 0 0
570 0 0 0 0 0 0 0
575 0 0 0 0 0 0 0
580 0 0 0 0 0 0 0
585 0 0 0 0 0 0 0
590 0 0 0 0 0 0 0
595 0 0 0 0 0 0 0
600 0 1 0 0 0 0 0
605 1 0 0 0 1 1 0
610 1 0 0 0 2 1 0
615 1 0 0 0 2 1 0
620 1 0 0 0 2 1 0
625 1 0 0 1 2 1 0
630 1 0 0 0 3 1 0
635 1 0 0 0 3 1 0
640 1 0 0 0 3 1 0
645 1 0 0 0 3 1 0
650 1 0 0 0 3 1 0
655 1 0 0 0 3 1 0
660 1 0 0 0 3 1 0
665 1 0 0 0 3 1 0
670 1 0 0 0 3 1 0
675 1 0 0 0 3 1 0
680 1 0 0 0 3 1 0
685 1 0 0 0 3 1 0
690 1 0 0 0 3 1 0
695 1 0 0 0 3 1 0
700 1 0 0 0 4 1 0
705 1 0 0 0 4 1 0
710 1 0 0 0 4 1 0
715 1 0 0 0 4 1 0
720 1 0 0 0 4 1 0
725 0 1 0 0 4 0 0
730 0 1 0 0 4 0 0
735 0 0 0 0 0 0 0
740 0 0 0 0 0 0 0
745 0 0 0 0 0 0 0
750 0 0 0 0 0 0 0
755 0 0 0 0 0 0 0
760 0 0 0 0 0 0 0
765 0 0 0 0 0 0 0
770 0 0 0 0 0 0 0
775 0 1 0 0 0 0 0
780 0 1 0 0 0 0 0
785 1 0 0 0 1 1 0
790 1 0 0 0 2 1 0
795 1 0 0 0 2 1 0
800 1 0 0 0 2 1 0
805 1 0 0 0 2 1 0
810 1 0 0 0 2 1 0
815 1 0 0 1 2 1 0
820 1 0 0 0 3 1 0
825 1 0 0 0 3 1 0
830 1 0 0 0 3 1 0
835 1 0 0 0 3 1 0
840 1 0 0 0 3 1 0
845 1 0 0 0 3 1 0
850 1 0 0 0 3 1 0
855 1 0 0 0 3 1 0
860 1 0 0 0 3 1 0
865 1 0 0 0 3 1 0
870 1 0 0 0 3 1 0
875 1 0 0 0 4 1 0
880 1 0 0 0 4 1 0
885 1 0 0 0 4 1 0
890 1 0 0 0 4 1 0
895 1 0 0 0 4 1 0
900 1 0 0 0 4 1 0
905 1 0 0 0 4 1 0
910 1 0 0 0 4 1 0
915 1 0 0 0 4 1 0
920 1 0 0 0 4 1 0
925 0 0 0 0 0 0 0
930 0 0 0 0 0 0 0
935 0 0 0 0 0 0 0
940 0 0 0 0 0 0 0
945 0 0 0 0 0 0 0
950 0 0 0 0 0 0 0
955 0 0 0 0 0 0 0
960 0 0 0 0 0 0 0
965 0 0 0 0 0 0 0
970 0 1 0 0 0 0 0
975 0 0 0 0 0 0 0
980 0 0 0 0 0 0 0
985 0 0 0 0 0 0 0
990 0 1 0 0 0 0 0
995 0 1 0 0 0 0 0
1000 1 0 0 0 1 1 0
1005 1 0 0 0 1 1 0
1010 1 0 0 0 2 1 0
1015 1 0 0 0 2 1 0
1020 1 0 0 1 2 1 0
1025 1 0 0 0 3 1 0
1030 1 0 0 0 3 1 0
1035 1 0 0 0 3 1 0
1040 1 0 0 0 3 1 0
1045 1 0 0 0 3 1 0
1050 1 0 0 0 3 1 0
1055 1 0 0 0 3 1 0
1060 1 0 0 0 3 1 0
1065 1 0 0 0 3 1 0
1070 1 0 0 0 4 1 0
1075 1 0 0 0 4 1 0
1080 1 0 0 0 4 1 0
1085 0 0 0 0 0 1 0
1090 0 0 0 0 0 1 0
1095 0 0 0 0 0 1 0
1100 0 0 0 0 0 0 0
1105 0 0 0 0 0 0 0
1110 0 0 0 0 0 0 0
1115 0 0 0 0 0 0 0
1120 0 0 0 0 0 0 0
1125 0 0 0 0 0 0 0
1130 0 0 0 0 0 0 0
1135 0 0 0 0 0 0 0
1140 0 0 0 0 0 0 0
1145 0 0 0 0 0 0 0
1150 0 0 0 0 0 0 0
1155 0 0 0 0 0 0 0
1160 0 0 0 0 0 0 0
1165 0 0 0 0 0 0 0
1170 0 1 0 0 0 0 0
1175 0 1 0 0 0 0 0
1180 0 0 0 0 0 0 0
1185 0 0 0 0 0 0 0
1190 0 0 0 0 0 0 0
1195 0 0 0 0 0 0 0
1200 0 0 0 0 0 0 0
1205 0 0 0 0 0 0 0
1210 0 0 0 0 0 0 0
1215 0 1 0 0 0 0 0
1220 0 0 0 0 0 0 0
1225 0 0 0 0 0 0 0
1230 0 0 0 0 0 0 0
1235 0 0 0 0 0 0 0
1240 0 0 0 0 0 0 0
1245 0 0 0 0 0 0 0
1250 1 0 0 0 1 1 0
1255 1 0 0 0 3 1 0
1260 1 0 0 0 3 1 0
1265 1 0 0 0 3 1 0
1270 1 0 0 0 3 1 0
1275 1 0 0 0 3 1 0
1280 1 0 0 0 3 1 0
1285 1 0 0 0 3 1 0
1290 1 0 0 0 4 1 0
1295 1 0 0 0 4 1 0
1300 1 0 0 0 4 1 0
1305 0 1 0 0 4 0 0
1310 0 1 0 0 4 0 0
1315 0 1 0 0 4 0 0
1320 0 1 0 0 4 0 0
1325 0 1 0 0 4 0 0
1330 0 1 0 0 4 0 0
1335 0 1 0 0 4 0 0
1340 0 0 0 0 0 0 0
1345 0 0 0 0 0 0 0
1350 0 0 0 0 0 0 0
1355 0 0 0 0 0 0 0
1360 0 0 0 0 0 0 0
1365 0 0 0 0 0 0 0
1370 0 0 0 0 0 0 0
1375 0 0 0 0 0 0 0
1380 0 0 0 0 0 0 0
1385 0 0 0 0 0 0 0
1390 0 0 0 0 0 0 0
1395 0 0 0 0 0 0 0
1400 0 0 0 0 0 0 0
1405 0 0 0 0 0 0 0
1410 0 0 0 0 0 0 0
1415 0 0 0 0 0 0 0
1420 0 0 0 0 0 0 0
1425 0 0 0 0 0 0 0
1430 0 0 0 0 0 0 0
1435 0 0 0 0 0 0 0
1440 0 0 0 0 0 0 0
1445 1 0 0 0 1 1 0
1450 1 0 0 0 1 1 0
1455 1 0 0 0 1 1 0
1460 1 0 0 0 2 1 0
1465 1 0 0 0 2 1 0
1470 1 0 0 0 2 1 0
1475 1 0 0 1 2 1 0
1480 1 0 0 1 2 1 0
1485 1 0 0 1 2 1 0
1490 1 0 0 1 2 1 0
1495 1 0 0 1 2 1 0
1500 1 0 0 1 2 1 0
1505 1 0 0 1 2 1 0
1510 1 0 0 1 2 1 0
1515 1 0 0 1 2 1 0
1520 1 0 0 1 2 1 0
1525 0 0 0 0 0 1 0
1530 0 0 0 0 0 0 0
1535 0 0 0 0 0 0 0
1540 0 0 0 0 0 0 0
1545 0 0 0 0 0 0 0
1550 0 0 0 0 0 0 0
1555 0 1 0 0 0 0 0
1560 0 1 0 0 0 0 0
1565 0 1 0 0 0 0 0
1570 0 1 0 0 0 0 0
1575 0 1 0 0 0 0 0
1580 0 1 0 0 0 0 0
1585 0 1 0 0 0 0 0
1590 0 1 0 0 0 0 0
1595 1 0 0 0 1 1 0
1600 1 0 0 0 1 1 0
1605 1 0 0 0 3 1 0
1610 1 0 0 0 3 1 0
1615 1 0 0 0 3 1 0
1620 1 0 0 0 3 1 0
1625 1 0 0 0 3 1 0
1630 1 0 0 0 3 1 0
1635 1 0 0 0 3 1 0
1640 1 0 0 0 3 1 0
1645 1 0 0 0 4 1 0
1650 1 0 0 0 4 1 0
1655 1 0 0 0 4 1 0
1660 0 1 0 0 4 0 0
1665 0 1 0 0 4 0 0
1670 0 1 0 0 4 0 0
1675 0 0 0 0 0 0 0
1680 0 0 0 0 0 0 0
1685 0 0 0 0 0 0 0
1690 0 0 0 0 0 0 0
1695 0 0 0 0 0 0 0
1700 0 0 0 0 0 0 0
1705 0 0 0 0 0 0 0
1710 0 0 0 0 0 0 0
1715 0 0 0 0 0 0 0
1720 0 0 0 0 0 0 0
1725 0 0 0 0 0 0 0
1730 0 0 0 0 0 0 0
1735 0 0 0 0 0 0 0
1740 0 0 0 0 0 0 0
1745 0 0 0 0 0 0 0
1750 0 0 0 0 0 0 0
1755 0 0 0 0 0 0 0
1760 0 0 0 0 0 0 0
1765 0 0 0 0 0 0 0
1770 0 0 0 0 0 0 0
1775 0 0 0 0 0 0 0
1780 0 0 0 0 0 0 0
1785 0 0 0 0 0 0 0
1790 0 0 0 0 0 0 0
1795 0 0 0 0 0 0 0
1800 0 0 0 0 0 0 0
1805 0 0 0 0 0 0 0
1810 0 0 0 0 0 0 0
1815 0 0 0 0 0 0 0
1820 0 0 0 0 0 0 0
