0 0 0 0 0 0 0 0
5 0 0 0 0 0 0 0
10 0 0 0 0 0 0 0
15 0 0 0 0 0 0 0
20 0 0 0 0 0 0 0
25 0 0 0 0 0 0 0
30 0 0 0 0 0 0 0
35 0 0 0 0 0 0 0
40 0 0 0 0 0 0 0
45 0 0 0 0 0 0 0
50 0 0 0 0 0 0 0
55 0 0 0 0 0 0 0
60 0 0 0 0 0 0 0
65 0 0 0 0 0 0 0
70 0 0 0 0 0 0 0
75 0 0 0 0 0 0 0
80 0 0 0 0 0 0 0
85 0 0 0 0 0 0 0
90 0 0 0 0 0 0 0
95 0 0 0 0 0 0 0
100 0 0 0 0 0 0 0
105 0 0 0 1 0 0 0
110 0 0 0 1 0 0 0
115 0 0 0 1 0 0 0
120 0 0 0 1 0 0 0
125 0 0 0 1 0 0 0
130 0 0 0 1 0 0 0
135 0 0 0 1 0 0 0
140 0 0 0 1 0 0 0
145 0 0 0 1 0 0 0
150 0 0 0 1 0 0 0
155 0 0 0 1 0 0 0
160 0 0 0 1 0 0 0
165 0 0 0 1 0 0 0
170 0 0 0 0 0 0 0
175 0 0 0 0 0 0 0
180 0 0 0 0 0 0 0
185 0 0 0 0 0 0 0
190 0 0 0 0 0 0 0
195 0 0 0 0 0 0 0
200 0 0 0 0 0 0 0
205 0 0 0 0 0 0 0
210 0 0 0 0 0 0 0
215 0 0 0 1 0 0 0
220 0 0 0 1 0 0 0
225 0 0 0 1 0 0 0
230 0 0 0 1 0 0 0
235 0 0 0 0 0 0 0
240 0 0 0 0 0 0 0
245 0 0 0 0 0 0 0
250 0 0 0 0 0 0 0
255 0 0 0 0 0 0 0
260 0 0 0 0 0 0 0
265 0 0 0 0 0 0 0
270 0 0 0 0 0 0 0
275 0 0 0 0 0 0 0
280 0 0 0 1 0 0 0
285 0 0 0 1 0 0 0
290 0 0 0 1 0 0 0
295 0 0 0 1 0 0 0
300 0 0 1 0 1 0 1
305 0 0 1 0 1 0 1
310 0 0 1 0 1 0 1
315 0 0 1 0 1 0 1
320 0 0 1 0 1 0 1
325 0 0 1 0 2 0 1
330 0 0 1 0 2 0 1
335 0 0 1 0 2 0 1
340 0 0 1 0 2 0 1
345 0 0 1 0 2 0 1
350 0 0 1 0 2 0 1
355 0 0 1 0 2 0 1
360 0 0 1 0 2 0 1
365 0 0 1 0 2 0 1
370 0 1 1 0 2 0 1
375 0 1 1 0 2 0 1
380 0 1 1 0 2 0 1
385 0 1 1 0 2 0 1
390 0 1 1 0 2 0 1
395 0 1 1 0 2 0 1
400 0 1 1 0 2 0 1
405 0 1 1 0 2 0 1
410 0 1 1 0 2 0 1
415 0 0 1 0 2 0 1
420 0 0 1 0 2 0 1
425 0 1 1 0 2 0 1
430 0 0 1 0 2 0 1
435 0 0 1 0 2 0 1
440 0 0 1 0 2 0 1
445 0 0 1 0 2 0 1
450 0 1 1 0 2 0 1
455 0 1 1 0 2 0 1
460 0 1 1 0 2 0 1
465 0 1 1 0 2 0 1
470 0 1 1 0 3 0 1
475 0 1 1 0 3 0 1
480 0 0 1 0 3 0 1
485 0 0 1 0 3 0 1
490 0 0 1 0 3 0 1
495 0 0 1 0 3 0 1
500 0 0 1 0 3 0 1
505 0 0 1 0 3 0 1
510 0 0 1 0 3 0 1
515 0 0 1 0 3 0 1
520 0 0 1 0 3 0 1
525 0 0 1 0 3 0 1
530 0 0 1 0 3 0 1
535 0 0 1 0 3 0 1
540 0 0 1 0 3 0 1
545 0 0 1 0 3 0 1
550 0 0 1 0 3 0 1
555 0 0 1 0 3 0 1
560 0 0 1 0 3 0 1
565 0 0 1 0 3 0 1
570 0 0 1 0 3 0 1
575 0 0 1 0 3 0 1
580 0 0 1 0 3 0 1
585 0 0 1 0 3 0 1
590 0 0 1 0 3 0 1
595 0 0 1 0 3 0 1
600 0 0 1 0 3 0 1
605 0 0 1 0 3 0 1
610 0 0 1 0 3 0 1
615 0 0 1 0 3 0 1
620 0 0 1 0 3 0 1
625 0 0 1 0 3 0 1
630 0 0 1 0 3 0 1
635 0 0 1 0 3 0 1
640 0 0 1 0 3 0 1
645 0 0 1 0 3 0 1
650 0 0 1 0 3 0 1
655 0 0 1 0 3 0 1
660 0 0 1 0 3 0 1
665 0 0 1 0 3 0 1
670 0 0 1 0 3 0 1
675 0 0 1 0 3 0 1
680 0 0 1 0 3 0 1
685 0 0 1 0 3 0 1
690 0 0 1 0 3 0 1
695 0 0 1 0 3 0 1
700 0 0 1 0 3 0 1
705 0 0 1 0 3 0 1
710 0 0 1 0 3 0 1
715 0 0 1 0 3 0 1
720 0 0 1 0 3 0 1
725 0 0 1 0 3 0 1
730 0 0 1 0 3 0 1
735 0 0 1 0 3 0 1
740 0 0 1 0 3 0 1
745 0 0 1 0 3 0 1
750 0 0 1 0 3 0 1
755 0 0 1 0 3 0 1
760 0 0 1 0 3 0 1
765 0 0 1 0 3 0 1
770 0 0 1 0 3 0 1
775 0 0 1 0 3 0 1
780 0 0 1 0 3 0 1
785 0 0 1 0 3 0 1
790 0 0 1 0 3 0 1
795 0 0 1 0 3 0 1
800 0 0 1 0 3 0 1
805 0 0 1 0 3 0 1
810 0 0 1 0 3 0 1
815 0 0 1 0 3 0 1
820 0 0 1 0 3 0 1
825 0 0 1 0 3 0 1
830 0 0 1 0 3 0 1
835 0 0 1 0 3 0 1
840 0 0 1 0 4 0 1
845 0 0 1 0 4 0 1
850 0 0 1 0 4 0 1
855 0 0 1 0 4 0 1
860 0 0 1 0 4 0 1
865 0 0 1 0 4 0 1
870 0 0 1 0 4 0 1
875 0 0 1 0 4 0 1
880 0 0 1 0 3 0 1
885 0 0 1 0 3 0 1
890 0 0 1 0 3 0 1
895 0 0 1 0 3 0 1
900 0 0 1 0 4 0 1
905 0 0 1 0 4 0 1
910 0 0 1 0 4 0 1
915 0 0 1 0 4 0 1
920 0 0 1 0 4 0 1
925 0 0 1 0 4 0 1
930 0 0 1 0 4 0 1
935 0 0 1 0 4 0 1
940 0 0 1 0 4 0 1
945 0 0 1 0 4 0 1
950 0 0 1 0 4 0 1
955 0 0 1 0 4 0 1
960 0 0 1 0 4 0 1
965 0 0 1 0 4 0 1
970 0 0 1 0 4 0 1
975 0 0 1 0 4 0 1
980 0 0 1 0 4 0 1
985 0 0 1 0 4 0 1
990 0 0 1 0 4 0 1
995 0 0 1 0 4 0 1
1000 0 0 1 0 4 0 1
1005 0 0 1 0 4 0 1
1010 0 0 1 0 4 0 1
1015 0 1 1 0 4 0 0
1020 0 1 1 0 4 0 0
1025 0 1 1 0 4 0 0
1030 0 1 1 0 4 0 0
1035 0 1 1 0 4 0 0
1040 0 1 1 0 4 0 0
1045 0 1 1 0 4 0 0
1050 0 1 1 0 4 0 0
1055 0 0 0 0 0 0 0
1060 0 0 0 0 0 0 0
1065 0 0 0 0 0 0 0
1070 0 0 0 0 0 0 0
1075 0 0 0 0 0 0 0
1080 0 0 0 0 0 0 0
1085 0 0 0 0 0 0 0
1090 0 0 0 0 0 0 0
1095 0 0 0 0 0 0 0
1100 0 0 0 0 0 0 0
1105 0 0 0 0 0 0 0
1110 0 0 0 0 0 0 0
1115 0 0 0 0 0 0 0
1120 0 0 0 0 0 0 0
1125 0 0 0 0 0 0 0
1130 0 0 0 0 0 0 0
1135 0 0 0 0 0 0 0
1140 0 0 0 0 0 0 0
1145 0 0 0 0 0 0 0
1150 0 0 0 0 0 0 0
1155 0 0 0 0 0 0 0
1160 0 0 0 0 0 0 0
1165 0 0 0 0 0 0 0
1170 0 0 0 0 0 0 0
1175 0 0 0 0 0 0 0
1180 0 0 0 1 0 0 0
1185 0 0 0 1 0 0 0
1190 0 0 0 0 0 0 0
1195 0 0 0 0 0 0 0
1200 0 0 0 0 0 0 0
1205 0 0 0 0 0 0 0
1210 0 0 0 0 0 0 0
1215 0 0 0 1 0 0 0
1220 0 0 0 1 0 0 0
1225 0 0 0 0 0 0 0
1230 0 0 0 0 0 0 0
1235 0 0 0 0 0 0 0
1240 0 0 0 1 0 0 0
1245 0 0 0 1 0 0 0
1250 0 0 0 0 0 0 0
1255 0 0 0 0 0 0 0
1260 0 0 0 0 0 0 0
1265 0 0 0 0 0 0 0
1270 0 0 0 1 0 0 0
1275 0 0 0 1 0 0 0
1280 0 0 0 1 0 0 0
1285 0 0 0 1 0 0 0
1290 0 0 0 1 0 0 0
1295 0 0 0 1 0 0 0
1300 0 0 0 1 0 0 0
1305 0 0 0 0 0 0 0
1310 0 0 0 0 0 0 0
1315 0 0 0 1 0 0 0
1320 0 0 0 1 0 0 0
1325 0 0 0 1 0 0 0
1330 0 0 0 1 0 0 0
1335 0 0 0 1 0 0 0
1340 0 0 0 1 0 0 0
1345 0 0 0 1 0 0 0
1350 0 0 1 0 1 0 1
1355 0 0 1 0 1 0 1
1360 0 0 1 0 1 0 1
1365 0 0 1 0 1 0 1
1370 0 0 1 0 2 0 1
1375 0 0 1 0 2 0 1
1380 0 0 1 0 2 0 1
1385 0 0 1 0 2 0 1
1390 0 0 1 0 2 0 1
1395 0 0 1 0 2 0 1
1400 0 0 1 0 2 0 1
1405 0 0 1 0 2 0 1
1410 0 0 1 0 2 0 1
1415 0 0 1 0 2 0 1
1420 0 0 1 0 2 0 1
1425 0 0 1 0 2 0 1
1430 0 1 1 0 2 0 1
1435 0 1 1 0 3 0 1
1440 0 0 1 0 3 0 1
1445 0 0 1 0 3 0 1
1450 0 0 1 0 3 0 1
1455 0 0 1 0 3 0 1
1460 0 0 1 0 3 0 1
1465 0 0 1 0 3 0 1
1470 0 0 1 0 3 0 1
1475 0 0 1 0 3 0 1
1480 0 0 1 0 3 0 1
1485 0 0 1 0 3 0 1
1490 0 0 1 0 3 0 1
1495 0 0 1 0 3 0 1
1500 0 0 1 0 3 0 1
1505 0 0 1 0 3 0 1
1510 0 0 1 0 4 0 1
1515 0 0 1 0 4 0 1
1520 0 0 1 0 4 0 1
1525 0 0 1 0 4 0 1
1530 0 0 1 0 4 0 1
1535 0 0 1 0 4 0 1
1540 0 0 1 0 4 0 1
1545 0 0 0 1 4 0 0
1550 0 0 0 1 4 0 0
1555 0 0 0 1 4 0 0
1560 0 0 0 0 0 0 0
1565 0 0 0 0 0 0 0
1570 0 0 0 0 0 0 0
1575 0 0 0 0 0 0 0
1580 0 0 0 0 0 0 0
1585 0 0 0 0 0 0 0
1590 0 0 0 0 0 0 0
1595 0 0 0 0 0 0 0
1600 0 0 0 0 0 0 0
1605 0 0 0 0 0 0 0
1610 0 0 0 0 0 0 0
1615 0 0 0 0 0 0 0
1620 0 0 0 0 0 0 0
1625 0 0 0 0 0 0 0
1630 0 0 0 0 0 0 0
1635 0 0 0 0 0 0 0
1640 0 0 0 0 0 0 0
1645 0 0 0 0 0 0 0
1650 0 0 0 0 0 0 0
1655 0 0 0 0 0 0 0
1660 0 0 0 1 0 0 0
1665 0 0 0 1 0 0 0
1670 0 0 0 1 0 0 0
1675 0 0 0 1 0 0 0
1680 0 0 1 0 1 0 1
1685 0 0 1 0 1 0 1
1690 0 0 1 0 2 0 1
1695 0 0 1 0 2 0 1
1700 0 0 1 0 2 0 1
1705 0 0 1 0 2 0 1
1710 0 0 1 0 2 0 1
1715 0 0 1 0 2 0 1
1720 0 0 1 0 2 0 1
1725 0 0 1 0 2 0 1
1730 0 0 1 0 2 0 1
1735 0 1 1 0 2 0 1
1740 0 1 1 0 2 0 1
1745 0 0 1 0 2 0 1
1750 0 0 1 0 2 0 1
1755 0 0 1 0 2 0 1
1760 0 1 1 0 2 0 1
1765 0 1 1 0 2 0 1
1770 0 1 1 0 2 0 1
1775 0 0 1 0 2 0 1
1780 0 0 1 0 2 0 1
1785 0 0 1 0 2 0 1
1790 0 0 1 0 2 0 1
1795 0 0 1 0 2 0 1
1800 0 0 1 0 2 0 1
1805 0 0 1 0 2 0 1
1810 0 0 1 0 2 0 1
1815 0 0 1 0 2 0 1
1820 0 1 1 0 2 0 1
1825 0 0 1 0 3 0 1
1830 0 0 1 0 3 0 1
1835 0 0 1 0 3 0 1
1840 0 0 1 0 3 0 1
1845 0 0 1 0 3 0 1
1850 0 0 1 0 3 0 1
1855 0 0 1 0 3 0 1
1860 0 0 1 0 3 0 1
1865 0 0 1 0 3 0 1
1870 0 0 1 0 3 0 1
1875 0 0 1 0 3 0 1
1880 0 0 1 0 3 0 1
1885 0 0 1 0 3 0 1
1890 0 0 1 0 3 0 1
1895 0 0 1 0 3 0 1
1900 0 0 1 0 3 0 1
1905 0 0 1 0 3 0 1
1910 0 0 1 0 3 0 1
1915 0 0 1 0 3 0 1
1920 0 0 1 0 3 0 1
1925 0 0 1 0 3 0 1
1930 0 0 1 0 3 0 1
1935 0 0 1 0 3 0 1
1940 0 0 1 0 3 0 1
1945 0 0 1 0 4 0 1
1950 0 0 1 0 4 0 1
1955 0 0 0 1 4 0 0
1960 0 0 0 1 4 0 0
1965 0 0 0 1 4 0 0
1970 0 0 0 1 4 0 0
1975 0 0 0 1 4 0 0
1980 0 0 0 0 0 0 0
1985 0 0 0 0 0 0 0
1990 0 0 0 0 0 0 0
1995 0 0 0 0 0 0 0
2000 0 0 0 0 0 0 0
2005 0 0 0 0 0 0 0
2010 0 0 0 0 0 0 0
2015 0 0 0 0 0 0 0
2020 0 0 0 0 0 0 0
2025 0 0 0 0 0 0 0
2030 0 0 0 0 0 0 0
2035 0 0 0 0 0 0 0
2040 0 0 0 0 0 0 0
2045 0 0 0 0 0 0 0
2050 0 0 0 0 0 0 0
2055 0 0 0 0 0 0 0
2060 0 0 0 0 0 0 0
2065 0 0 0 0 0 0 0
2070 0 0 0 0 0 0 0
2075 0 0 0 0 0 0 0
2080 0 0 0 0 0 0 0
2085 0 0 0 0 0 0 0
2090 0 0 0 0 0 0 0
2095 0 0 0 0 0 0 0
2100 0 0 0 0 0 0 0
2105 0 0 0 1 0 0 0
2110 0 0 0 1 0 0 0
2115 0 0 0 1 0 0 0
2120 0 0 0 1 0 0 1
2125 0 0 0 0 0 0 0
2130 0 0 0 0 0 0 0
2135 0 0 0 0 0 0 0
2140 0 0 0 0 0 0 0
2145 0 0 0 1 0 0 0
2150 0 0 0 0 0 0 0
2155 0 0 0 0 0 0 0
2160 0 0 0 0 0 0 0
2165 0 0 0 0 0 0 0
2170 0 0 0 0 0 0 0
2175 0 0 0 1 0 0 0
2180 0 0 1 0 1 0 1
2185 0 0 1 0 1 0 1
2190 0 0 1 0 1 0 1
2195 0 0 1 0 3 0 1
2200 0 0 1 0 3 0 1
2205 0 0 1 0 3 0 1
2210 0 0 1 0 3 0 1
2215 0 0 1 0 3 0 1
2220 0 0 1 0 3 0 1
2225 0 0 1 0 3 0 1
2230 0 0 1 0 3 0 1
2235 0 0 1 0 3 0 1
2240 0 0 1 0 3 0 1
2245 0 0 1 0 3 0 1
2250 0 0 1 0 3 0 1
2255 0 0 1 0 3 0 1
2260 0 0 1 0 3 0 1
2265 0 0 1 0 3 0 1
2270 0 0 1 0 3 0 1
2275 0 0 1 0 3 0 1
2280 0 0 1 0 3 0 1
2285 0 0 1 0 4 0 1
2290 0 0 1 0 4 0 1
2295 0 0 1 0 4 0 1
2300 0 0 1 0 4 0 1
2305 0 0 1 0 4 0 1
2310 0 0 1 0 4 0 1
2315 0 0 1 0 4 0 1
2320 0 0 0 1 4 0 0
2325 0 0 0 0 0 0 0
2330 0 0 0 0 0 0 0
2335 0 0 0 0 0 0 0
2340 0 0 0 0 0 0 0
2345 0 0 0 0 0 0 0
2350 0 0 0 0 0 0 0
2355 0 0 0 0 0 0 0
2360 0 0 0 0 0 0 0
2365 0 0 0 0 0 0 0
2370 0 0 0 0 0 0 0
2375 0 0 0 0 0 0 0
2380 0 0 0 0 0 0 0
2385 0 0 0 0 0 0 0
2390 0 0 0 0 0 0 0
2395 0 0 0 0 0 0 0
2400 0 0 0 0 0 0 0
2405 0 0 0 0 0 0 0
2410 0 0 0 0 0 0 0
2415 0 0 0 0 0 0 0
2420 0 0 0 1 0 0 0
2425 0 0 0 1 0 0 0
2430 0 0 0 0 0 0 0
2435 0 0 0 0 0 0 0
2440 0 0 0 0 0 0 0
2445 0 0 0 0 0 0 0
2450 0 0 0 1 0 0 0
2455 0 0 0 1 0 0 0
2460 0 0 0 1 0 0 0
2465 0 0 0 1 0 0 0
2470 0 0 0 1 0 0 0
2475 0 0 0 0 0 0 0
2480 0 0 0 0 0 0 0
2485 0 0 0 0 0 0 0
2490 0 0 0 0 0 0 0
2495 0 0 0 1 0 0 0
2500 0 0 0 1 0 0 0
2505 0 0 0 1 0 0 0
2510 0 0 0 1 0 0 0
2515 0 0 0 1 0 0 0
2520 0 0 0 1 0 0 0
2525 0 0 0 1 0 0 0
2530 0 0 1 0 1 0 1
2535 0 0 1 0 1 0 1
2540 0 0 1 0 2 0 1
2545 0 0 1 0 2 0 1
2550 0 0 1 0 2 0 1
2555 0 0 1 0 2 0 1
2560 0 0 1 0 2 0 1
2565 0 0 1 0 2 0 1
2570 0 0 1 0 2 0 1
2575 0 0 1 0 3 0 1
2580 0 0 1 0 3 0 1
2585 0 0 1 0 3 0 1
2590 0 0 1 0 3 0 1
2595 0 0 1 0 3 0 1
2600 0 0 1 0 3 0 1
2605 0 0 1 0 3 0 1
2610 0 0 1 0 3 0 1
2615 0 0 1 0 3 0 1
2620 0 0 1 0 3 0 1
2625 0 0 1 0 3 0 1
2630 0 0 1 0 3 0 1
2635 0 0 1 0 3 0 1
2640 0 0 1 0 3 0 1
2645 0 0 1 0 3 0 1
2650 0 0 1 0 3 0 1
2655 0 0 1 0 3 0 1
2660 0 0 1 0 3 0 1
2665 0 0 1 0 3 0 1
2670 0 0 1 0 3 0 1
2675 0 0 1 0 3 0 1
2680 0 0 1 0 3 0 1
2685 0 0 1 0 3 0 1
2690 0 0 1 0 3 0 1
2695 0 0 1 0 3 0 1
2700 0 0 1 0 3 0 1
2705 0 0 1 0 3 0 1
2710 0 0 1 0 3 0 1
2715 0 0 1 0 3 0 1
2720 0 0 1 0 3 0 1
2725 0 0 1 0 3 0 1
2730 0 0 1 0 3 0 1
2735 0 0 1 0 3 0 1
2740 0 0 1 0 3 0 1
2745 0 0 1 0 3 0 1
2750 0 0 1 0 3 0 1
2755 0 0 1 0 3 0 1
2760 0 0 1 0 3 0 1
2765 0 0 1 0 3 0 1
2770 0 0 1 0 3 0 1
2775 0 0 1 0 3 0 1
2780 0 0 1 0 3 0 1
2785 0 0 1 0 3 0 1
2790 0 0 1 0 3 0 1
2795 0 0 1 0 3 0 1
2800 0 0 1 0 3 0 1
2805 0 0 1 0 3 0 1
2810 0 0 1 0 3 0 1
2815 0 0 1 0 3 0 1
2820 0 0 1 0 3 0 1
2825 0 0 1 0 3 0 1
2830 0 0 1 0 3 0 1
2835 0 0 1 0 3 0 1
2840 0 0 1 0 3 0 1
2845 0 0 1 0 3 0 1
2850 0 1 1 0 3 0 1
2855 0 1 1 0 3 0 1
2860 1 0 1 0 3 1 1
2865 1 0 0 0 3 1 0
2870 1 0 0 0 3 1 0
2875 1 0 0 0 3 1 0
2880 1 0 0 0 3 1 0
2885 1 0 0 0 3 1 0
2890 1 0 0 0 3 1 0
2895 1 0 0 0 3 1 0
2900 1 0 0 0 3 1 0
2905 1 0 0 0 3 1 0
2910 1 0 0 0 3 1 0
2915 1 0 0 0 3 1 0
2920 1 0 0 0 3 1 0
2925 1 0 0 0 3 1 0
2930 1 0 0 0 3 1 0
2935 1 0 0 0 4 1 0
2940 1 0 0 0 4 1 0
2945 1 0 0 0 3 1 0
2950 1 0 0 0 3 1 0
2955 1 0 0 0 3 1 0
2960 1 0 0 0 3 1 0
2965 1 0 0 0 3 1 0
2970 1 0 0 0 3 1 0
2975 1 0 0 0 3 1 0
2980 1 0 0 0 3 1 0
2985 1 0 0 0 3 1 0
2990 1 0 0 0 3 1 0
2995 1 0 0 0 3 1 0
3000 1 0 0 0 3 1 0
3005 1 0 0 0 3 1 0
3010 1 0 0 0 3 1 0
3015 1 0 0 0 3 1 0
3020 1 0 0 0 3 1 0
3025 1 0 0 0 3 1 0
3030 1 0 0 0 3 1 0
3035 1 0 0 0 3 1 0
3040 1 0 0 0 3 1 0
3045 1 0 0 0 4 1 0
3050 1 0 0 0 4 1 0
3055 1 0 0 0 3 1 0
3060 1 0 0 0 4 1 0
3065 1 0 0 0 4 1 0
3070 0 0 0 0 0 0 0
3075 0 0 0 0 0 0 0
3080 0 0 0 0 0 0 0
3085 0 0 0 0 0 0 0
3090 0 0 0 0 0 0 0
3095 0 0 0 0 0 0 0
3100 0 0 0 0 0 0 0
3105 0 0 0 0 0 0 0
3110 0 0 0 0 0 0 0
3115 0 0 0 0 0 0 0
3120 0 0 0 0 0 0 0
3125 0 0 0 0 0 0 0
3130 0 0 0 0 0 0 0
3135 0 0 0 0 0 0 0
3140 0 0 0 0 0 0 0
3145 0 0 0 0 0 0 0
3150 0 0 0 0 0 0 0
3155 0 0 0 0 0 0 0
3160 0 0 0 0 0 0 0
3165 0 0 0 0 0 0 0
3170 0 0 0 0 0 0 0
3175 0 0 0 0 0 0 0
3180 0 0 0 0 0 0 0
3185 0 0 0 0 0 0 0
3190 0 0 0 0 0 0 0
3195 0 0 0 0 0 0 0
3200 0 0 0 0 0 0 0
3205 0 0 0 0 0 0 0
3210 0 0 0 0 0 0 0
3215 0 0 0 0 0 0 0
3220 0 0 0 0 0 0 0
3225 0 0 0 0 0 0 0
3230 0 0 0 0 0 0 0
3235 0 0 0 0 0 0 0
3240 0 0 0 0 0 0 0
3245 0 0 0 0 0 0 0
3250 0 0 0 0 0 0 0
3255 0 0 0 1 0 0 0
3260 0 0 0 1 0 0 0
3265 0 0 0 0 0 0 0
3270 0 0 0 0 0 0 0
3275 0 0 0 0 0 0 0
3280 0 0 0 0 0 0 0
3285 0 0 0 0 0 0 0
3290 0 0 0 0 0 0 0
3295 0 0 0 1 0 0 0
3300 0 0 0 1 0 0 0
3305 0 0 0 1 0 0 0
3310 0 0 0 1 0 0 0
3315 0 0 1 0 1 0 1
3320 0 0 1 0 1 0 1
3325 0 0 1 0 2 0 1
3330 0 0 1 0 2 0 1
3335 0 0 1 0 2 0 1
3340 0 0 1 0 2 0 1
3345 0 0 1 0 2 0 1
3350 0 0 1 0 2 0 1
3355 0 0 0 0 0 0 0
3360 0 0 0 0 0 0 0
3365 0 0 0 0 0 0 0
3370 0 0 0 1 0 0 0
3375 0 0 0 0 0 0 0
3380 0 0 0 0 0 0 0
3385 0 0 0 0 0 0 0
3390 0 0 0 0 0 0 0
3395 0 0 0 1 0 0 0
3400 0 0 0 1 0 0 0
3405 0 0 1 0 1 0 1
3410 0 0 1 0 1 0 1
3415 0 0 1 0 1 0 1
3420 0 0 1 0 2 0 1
3425 0 0 1 0 2 0 1
3430 0 0 1 0 2 0 1
3435 0 0 1 0 2 0 1
3440 0 0 1 0 2 0 1
3445 0 0 1 0 2 0 1
3450 0 0 1 0 2 0 1
3455 0 1 1 0 2 0 1
3460 0 1 1 0 2 0 1
3465 0 0 1 0 2 0 1
3470 0 0 1 0 2 0 1
3475 0 0 1 0 2 0 1
3480 0 0 1 0 2 0 1
3485 0 0 1 0 2 0 1
3490 0 0 1 0 2 0 1
3495 0 0 1 0 2 0 1
3500 0 0 1 0 2 0 1
3505 0 0 1 0 2 0 1
3510 0 0 1 0 2 0 1
3515 0 0 1 0 2 0 1
3520 0 1 1 0 2 0 1
3525 0 0 1 0 3 0 1
3530 0 0 1 0 3 0 1
3535 0 0 1 0 3 0 1
3540 0 0 1 0 3 0 1
3545 0 0 1 0 3 0 1
3550 0 0 1 0 3 0 1
3555 0 0 1 0 3 0 1
3560 0 0 1 0 3 0 1
3565 0 0 1 0 3 0 1
3570 0 0 1 0 3 0 1
3575 0 0 1 0 3 0 1
3580 0 0 1 0 3 0 1
3585 0 0 1 0 3 0 1
3590 0 0 1 0 3 0 1
3595 0 0 1 0 3 0 1
3600 0 0 1 0 4 0 1
3605 0 0 1 0 4 0 1
3610 0 0 0 1 4 0 0
3615 0 0 0 1 4 0 0
3620 0 0 0 1 4 0 0
3625 0 0 0 0 0 0 0
3630 0 0 0 0 0 0 0
3635 0 0 0 0 0 0 0
3640 0 0 0 0 0 0 0
3645 0 0 0 0 0 0 0
3650 0 0 0 0 0 0 0
3655 0 0 0 0 0 0 0
3660 0 0 0 0 0 0 0
3665 0 0 0 0 0 0 0
3670 0 0 0 0 0 0 0
3675 0 0 0 0 0 0 0
3680 0 0 0 0 0 0 0
3685 0 0 0 0 0 0 0
3690 0 0 0 0 0 0 0
3695 0 0 0 0 0 0 0
3700 0 0 0 0 0 0 0
3705 0 0 0 1 0 0 0
3710 0 0 0 0 0 0 0
3715 0 0 0 0 0 0 0
3720 0 0 0 0 0 0 0
3725 0 0 0 0 0 0 0
3730 0 0 0 1 0 0 0
3735 0 0 0 1 0 0 0
3740 0 0 0 1 0 0 0
3745 0 0 0 1 0 0 0
3750 0 0 0 0 0 0 0
3755 0 0 0 0 0 0 0
3760 0 0 0 0 0 0 0
3765 0 0 0 0 0 0 0
3770 0 0 0 1 0 0 0
3775 0 0 0 1 0 0 0
3780 0 0 0 1 0 0 0
3785 0 0 1 0 1 0 1
3790 0 0 1 0 1 0 1
3795 0 0 1 0 2 0 1
3800 0 0 1 0 2 0 1
3805 0 0 1 0 2 0 1
3810 0 0 1 0 2 0 1
3815 0 0 1 0 2 0 1
3820 0 1 1 0 2 0 1
3825 0 0 1 0 3 0 1
3830 0 0 1 0 3 0 1
3835 0 0 1 0 3 0 1
3840 0 0 1 0 3 0 1
3845 0 0 1 0 3 0 1
3850 0 0 1 0 3 0 1
3855 0 0 1 0 3 0 1
3860 0 0 1 0 3 0 1
3865 0 0 1 0 3 0 1
3870 0 0 1 0 3 0 1
3875 0 0 1 0 3 0 1
3880 0 0 1 0 3 0 1
3885 0 0 1 0 4 0 1
3890 0 0 1 0 4 0 1
3895 0 0 0 1 4 0 0
3900 0 0 0 1 4 0 0
3905 0 0 0 0 0 0 0
3910 0 0 0 0 0 0 0
3915 0 0 0 0 0 0 0
3920 0 0 0 0 0 0 0
3925 0 0 0 0 0 0 0
3930 0 0 0 0 0 0 0
3935 0 0 0 0 0 0 0
3940 0 0 0 0 0 0 0
3945 0 0 0 0 0 0 0
3950 0 0 0 0 0 0 0
3955 0 0 0 1 0 0 0
3960 0 0 0 1 0 0 0
3965 0 0 0 1 0 0 0
3970 0 0 0 1 0 0 0
3975 0 0 1 0 1 0 1
3980 0 0 1 0 1 0 1
3985 0 0 1 0 1 0 1
3990 0 0 1 0 1 0 1
3995 0 0 1 0 3 0 1
4000 0 0 1 0 3 0 1
4005 0 0 1 0 3 0 1
4010 0 0 1 0 3 0 1
4015 0 0 1 0 3 0 1
4020 0 0 1 0 3 0 1
4025 0 0 1 0 3 0 1
4030 0 0 1 0 3 0 1
4035 0 0 1 0 3 0 1
4040 0 0 1 0 3 0 1
4045 0 0 1 0 3 0 1
4050 0 0 1 0 3 0 1
4055 0 0 1 0 3 0 1
4060 0 0 1 0 3 0 1
4065 0 0 1 0 3 0 1
4070 0 0 1 0 3 0 1
4075 0 0 1 0 4 0 1
4080 0 0 1 0 4 0 1
4085 0 0 1 0 4 0 1
4090 0 0 1 0 3 0 1
4095 0 0 1 0 3 0 1
4100 0 0 1 0 3 0 1
4105 0 0 1 0 3 0 1
4110 0 0 1 0 4 0 1
4115 0 0 1 0 4 0 1
4120 0 0 1 0 4 0 1
4125 0 0 1 0 4 0 1
4130 0 0 0 0 0 0 1
4135 0 0 0 0 0 0 1
4140 0 0 0 0 0 0 1
4145 0 0 0 0 0 0 1
4150 0 0 0 0 0 0 1
4155 0 0 0 0 0 0 0
4160 0 0 0 0 0 0 0
4165 0 0 0 0 0 0 0
4170 0 0 0 0 0 0 0
4175 0 0 0 0 0 0 0
4180 0 0 0 0 0 0 0
4185 0 0 0 0 0 0 0
4190 0 0 0 0 0 0 0
4195 0 0 0 0 0 0 0
4200 0 0 0 0 0 0 0
4205 0 0 0 0 0 0 0
4210 0 0 0 0 0 0 0
4215 0 0 0 0 0 0 0
4220 0 0 0 0 0 0 0
4225 0 0 0 0 0 0 0
4230 0 0 0 0 0 0 0
4235 0 0 0 0 0 0 0
4240 0 0 0 0 0 0 0
4245 0 0 0 0 0 0 0
