0 0 0 0 0 0 0 0
5 0 0 0 0 0 0 0
10 0 0 0 0 0 0 0
15 0 0 0 0 0 0 0
20 0 0 0 0 0 0 0
25 0 0 0 0 0 0 0
30 0 0 0 0 0 0 0
35 0 0 0 0 0 0 0
40 0 0 0 0 0 0 0
45 0 0 0 0 0 0 0
50 0 0 0 0 0 0 0
55 0 0 0 0 0 0 0
60 0 0 0 0 0 0 0
65 0 0 0 0 0 0 0
70 0 0 0 0 0 0 0
75 0 0 0 0 0 0 0
80 0 0 0 0 0 0 0
85 0 0 0 0 0 0 0
90 0 0 0 0 0 0 0
95 0 0 0 0 0 0 0
100 0 0 0 0 0 0 0
105 0 0 0 1 0 0 0
110 0 0 0 1 0 0 0
115 0 0 0 1 0 0 0
120 0 0 0 1 0 0 0
125 0 0 0 1 0 0 0
130 0 0 1 0 1 0 1
135 0 0 1 0 2 0 1
140 0 0 1 0 2 0 1
145 0 0 1 0 2 0 1
150 0 0 1 0 2 0 1
155 0 0 1 0 2 0 1
160 0 0 1 0 2 0 1
165 0 0 1 0 2 0 1
170 0 1 1 0 2 0 1
175 0 1 1 0 2 0 1
180 0 1 1 0 2 0 1
185 0 0 1 0 2 0 1
190 0 0 1 0 2 0 1
195 0 1 1 0 2 0 1
200 0 1 1 0 2 0 1
205 0 1 1 0 2 0 1
210 0 0 0 0 0 0 0
215 0 0 0 0 0 0 0
220 0 0 0 0 0 0 0
225 0 0 0 0 0 0 0
230 0 0 0 0 0 0 0
235 0 0 0 0 0 0 0
240 0 0 0 0 0 0 0
245 0 0 0 0 0 0 0
250 0 0 0 0 0 0 0
255 0 0 0 1 0 0 0
260 0 0 0 1 0 0 0
265 0 0 0 1 0 0 0
270 0 0 0 1 0 0 0
275 0 0 0 1 0 0 0
280 0 0 0 1 0 0 0
285 0 0 1 0 1 0 1
290 0 0 1 0 1 0 1
295 0 0 1 0 1 0 1
300 0 0 1 0 3 0 1
305 0 0 1 0 3 0 1
310 0 0 1 0 3 0 1
315 0 0 1 0 3 0 1
320 0 0 1 0 3 0 1
325 0 0 1 0 3 0 1
330 0 0 1 0 3 0 1
335 0 0 1 0 3 0 1
340 0 0 1 0 3 0 1
345 0 0 1 0 3 0 1
350 0 0 1 0 3 0 1
355 0 0 1 0 4 0 1
360 0 0 1 0 4 0 1
365 0 0 1 0 4 0 1
370 0 0 0 1 4 0 0
375 0 0 0 1 4 0 0
380 0 0 0 0 0 0 0
385 0 0 0 0 0 0 0
390 0 0 0 0 0 0 0
395 0 0 0 0 0 0 0
400 0 0 0 0 0 0 0
405 0 0 0 0 0 0 0
410 0 0 0 0 0 0 0
415 0 0 0 0 0 0 0
420 0 0 0 0 0 0 0
425 0 0 0 0 0 0 0
430 0 0 0 1 0 0 0
435 0 0 0 1 0 0 0
440 0 0 0 1 0 0 0
445 0 0 0 1 0 0 0
450 0 0 0 1 0 0 0
455 0 0 0 1 0 0 0
460 0 0 1 0 1 0 1
465 0 0 1 0 1 0 1
470 0 0 1 0 2 0 1
475 0 0 1 0 3 0 1
480 0 0 1 0 3 0 1
485 0 0 1 0 3 0 1
490 0 0 1 0 3 0 1
495 0 0 1 0 3 0 1
500 0 0 1 0 3 0 1
505 0 0 1 0 3 0 1
510 0 0 1 0 3 0 1
515 0 0 1 0 3 0 1
520 0 0 1 0 3 0 1
525 0 0 1 0 3 0 1
530 0 0 1 0 3 0 1
535 0 0 1 0 3 0 1
540 0 0 1 0 4 0 1
545 0 0 1 0 4 0 1
550 0 0 0 1 4 0 0
555 0 0 0 1 4 0 0
560 0 0 0 1 4 0 0
565 0 0 0 0 0 0 0
570 0 0 0 0 0 0 0
575 0 0 0 0 0 0 0
580 0 0 0 0 0 0 0
585 0 0 0 0 0 0 0
590 0 0 0 0 0 0 0
595 0 0 0 0 0 0 0
600 0 0 0 0 0 0 0
605 0 0 0 0 0 0 0
610 0 0 0 0 0 0 0
615 0 0 0 1 0 0 0
620 0 0 0 1 0 0 0
625 0 0 0 1 0 0 0
630 0 0 1 0 1 0 1
635 0 0 1 0 1 0 1
640 0 0 1 0 1 0 1
645 0 0 1 0 3 0 1
650 0 0 1 0 3 0 1
655 0 0 1 0 3 0 1
660 0 0 1 0 3 0 1
665 0 0 1 0 3 0 1
670 0 0 1 0 4 0 1
675 0 0 1 0 4 0 1
680 0 0 0 1 4 0 0
685 0 0 0 1 4 0 0
690 0 0 0 0 0 0 0
695 0 0 0 0 0 0 0
700 0 0 0 0 0 0 0
705 0 0 0 0 0 0 0
710 0 0 0 0 0 0 0
715 0 0 0 0 0 0 0
720 0 0 0 0 0 0 0
725 0 0 0 0 0 0 0
730 0 0 0 0 0 0 0
735 0 0 0 0 0 0 0
740 0 0 0 0 0 0 0
745 0 0 1 0 1 0 1 
750 0 0 1 0 1 0 1
755 0 0 1 0 1 0 1
760 0 0 1 0 2 0 1
765 0 0 1 0 2 0 1
770 0 0 1 0 2 0 1
775 0 0 1 0 2 0 1
780 0 0 1 0 2 0 1
785 0 0 1 0 2 0 1
790 0 0 1 0 2 0 1
795 0 1 1 0 2 0 1
800 0 0 1 0 3 0 1
805 0 0 0 0 0 0 1
810 0 0 0 0 0 0 0
815 0 0 0 0 0 0 0
820 0 0 0 0 0 0 0
825 0 0 0 0 0 0 0
830 0 0 0 0 0 0 0
835 0 0 0 0 0 0 0
840 0 0 0 0 0 0 0
845 0 0 0 1 0 0 0
850 0 0 0 1 0 0 0
855 0 0 1 0 1 0 1
860 0 0 1 0 1 0 1
865 0 0 1 0 1 0 1
870 0 0 1 0 2 0 1
875 0 0 1 0 2 0 1
880 0 0 1 0 2 0 1
885 0 0 1 0 2 0 1
890 0 0 1 0 2 0 1
895 0 0 1 0 2 0 1
900 0 0 1 0 2 0 1
905 0 1 1 0 2 0 1
910 0 1 1 0 2 0 1
915 0 1 1 0 2 0 1
920 0 1 1 0 2 0 1
925 0 1 1 0 2 0 1
930 0 1 1 0 2 0 1
935 0 1 1 0 2 0 1
940 0 1 1 0 2 0 1
945 0 1 1 0 2 0 1
950 0 0 1 0 2 0 1
955 0 0 1 0 2 0 1
960 0 0 1 0 2 0 1
965 0 0 1 0 2 0 1
970 0 1 1 0 2 0 1
975 0 1 1 0 2 0 1
980 0 1 1 0 2 0 1
985 0 1 1 0 2 0 1
990 0 0 1 0 2 0 1
995 0 0 1 0 2 0 1
1000 0 0 0 0 0 0 0
1005 0 0 0 0 0 0 0
1010 0 0 0 0 0 0 0
1015 0 0 0 0 0 0 0
1020 0 0 0 0 0 0 0
1025 0 0 0 1 0 0 0
1030 0 0 0 1 0 0 0
1035 0 0 0 1 0 0 0
1040 0 0 0 1 0 0 0
1045 0 0 1 0 1 0 1
1050 0 0 1 0 1 0 1
1055 0 0 1 0 3 0 1
1060 0 0 1 0 3 0 1
1065 0 0 1 0 3 0 1
1070 0 0 1 0 3 0 1
1075 0 0 1 0 3 0 1
1080 0 0 1 0 3 0 1
1085 0 0 1 0 3 0 1
1090 0 0 1 0 3 0 1
1095 0 0 1 0 3 0 1
1100 0 0 1 0 3 0 1
1105 0 0 1 0 3 0 1
1110 0 0 1 0 3 0 1
1115 0 0 1 0 4 0 1
1120 0 0 0 1 4 0 0
1125 0 0 0 0 0 0 0
1130 0 0 0 0 0 0 0
1135 0 0 0 0 0 0 0
1140 0 0 0 0 0 0 0
1145 0 0 0 0 0 0 0
1150 0 0 0 0 0 0 0
1155 0 0 0 0 0 0 0
1160 0 0 0 0 0 0 0
1165 0 0 0 0 0 0 0
1170 0 0 0 0 0 0 0
1175 0 0 0 0 0 0 0
1180 0 0 0 1 0 0 0
1185 0 0 0 1 0 0 0
1190 0 0 0 1 0 0 0
1195 0 0 0 1 0 0 0
1200 0 0 0 1 0 0 0
1205 0 0 1 0 1 0 1
1210 0 0 1 0 2 0 1
1215 0 0 1 0 2 0 1
1220 0 0 1 0 2 0 1
1225 0 1 1 0 2 0 1
1230 0 1 1 0 2 0 1
1235 0 1 1 0 2 0 1
1240 0 1 1 0 2 0 1
1245 0 0 1 0 2 0 1
1250 0 0 1 0 2 0 1
1255 0 0 1 0 2 0 1
1260 0 0 1 0 2 0 1
1265 0 1 1 0 2 0 1
1270 0 1 1 0 2 0 1
1275 0 1 1 0 2 0 1
1280 0 1 1 0 2 0 1
1285 0 1 1 0 3 0 1
1290 0 0 1 0 3 0 1
1295 0 0 1 0 3 0 1
1300 0 0 1 0 3 0 1
1305 0 0 1 0 3 0 1
1310 0 0 1 0 3 0 1
1315 0 0 1 0 3 0 1
1320 0 0 1 0 3 0 1
1325 0 0 1 0 3 0 1
1330 0 0 1 0 3 0 1
1335 0 0 1 0 3 0 1
1340 0 0 1 0 4 0 1
1345 0 0 0 1 4 0 0
1350 0 0 0 1 4 0 0
1355 0 0 0 1 4 0 0
1360 0 0 0 1 4 0 0
1365 0 0 0 0 0 0 0
1370 0 0 0 0 0 0 0
1375 0 0 0 0 0 0 0
1380 0 0 0 0 0 0 0
1385 0 0 0 0 0 0 0
1390 0 0 0 0 0 0 0
1395 0 0 0 0 0 0 0
1400 0 0 0 0 0 0 0
1405 0 0 0 0 0 0 0
1410 0 0 0 0 0 0 0
1415 0 0 0 0 0 0 0
1420 0 0 0 0 0 0 0
1425 0 0 0 0 0 0 0
1430 0 0 0 0 0 0 0
1435 0 0 0 0 0 0 0
1440 0 0 0 0 0 0 0
1445 0 0 0 1 0 0 0
1450 0 0 0 1 0 0 0
1455 0 0 0 1 0 0 0
1460 0 0 0 1 0 0 0
1465 0 0 0 1 0 0 0
1470 0 0 0 1 0 0 1
1475 0 0 0 0 0 0 1
1480 0 0 0 0 0 0 0
1485 0 0 0 1 0 0 0
1490 0 0 0 1 0 0 0
1495 0 0 0 1 0 0 0
1500 0 0 0 1 0 0 0
1505 0 0 0 1 0 0 0
1510 0 0 0 1 0 0 0
1515 0 0 0 1 0 0 0
1520 0 0 0 1 0 0 0
1525 0 0 0 1 0 0 0
1530 0 0 0 1 0 0 0
1535 0 0 0 1 0 0 0
1540 0 0 0 0 0 0 0
1545 0 0 0 0 0 0 0
1550 0 0 0 0 0 0 0
1555 0 0 0 0 0 0 0
1560 0 0 0 0 0 0 0
1565 0 0 0 1 0 0 0
1570 0 0 1 0 1 0 1
1575 0 0 1 0 1 0 1
1580 0 0 1 0 1 0 1
1585 0 0 1 0 3 0 1
1590 0 0 1 0 3 0 1
1595 0 0 1 0 3 0 1
1600 0 0 1 0 3 0 1
1605 0 0 1 0 3 0 1
1610 0 0 1 0 3 0 1
1615 0 0 1 0 3 0 1
1620 0 0 1 0 3 0 1
1625 0 0 1 0 3 0 1
1630 0 0 1 0 3 0 1
1635 0 0 1 0 3 0 1
1640 0 0 1 0 3 0 1
1645 0 0 1 0 3 0 1
1650 0 0 1 0 3 0 1
1655 0 0 1 0 3 0 1
1660 0 0 1 0 3 0 1
1665 0 0 1 0 3 0 1
1670 0 0 1 0 3 0 1
1675 0 0 1 0 3 0 1
1680 0 0 1 0 3 0 1
1685 0 0 1 0 3 0 1
1690 0 0 1 0 3 0 1
1695 0 0 1 0 3 0 1
1700 0 0 1 0 3 0 1
1705 0 0 1 0 3 0 1
1710 0 0 1 0 3 0 1
1715 0 0 1 0 3 0 1
1720 0 0 1 0 3 0 1
1725 0 0 1 0 3 0 1
1730 0 0 1 0 3 0 1
1735 0 0 1 0 3 0 1
1740 0 0 1 0 3 0 1
1745 0 0 1 0 3 0 1
1750 0 0 1 0 3 0 1
1755 0 0 1 0 3 0 1
1760 0 0 1 0 3 0 1
1765 0 0 1 0 3 0 1
1770 0 0 1 0 3 0 1
1775 0 0 1 0 3 0 1
1780 0 0 1 0 3 0 1
1785 0 0 1 0 3 0 1
1790 0 0 1 0 3 0 1
1795 0 0 1 0 3 0 1
1800 0 0 1 0 3 0 1
1805 0 0 1 0 3 0 1
1810 0 0 1 0 3 0 1
1815 0 0 1 0 3 0 1
1820 0 0 1 0 3 0 1
1825 0 0 1 0 3 0 1
1830 0 0 1 0 3 0 1
1835 0 0 1 0 3 0 1
1840 0 0 0 1 4 0 0
1845 0 0 0 1 4 0 0
1850 0 0 0 0 0 0 0
1855 0 0 0 0 0 0 0
1860 0 0 0 0 0 0 0
1865 0 0 0 0 0 0 0
1870 0 0 0 0 0 0 0
1875 0 0 0 0 0 0 0
1880 0 0 0 0 0 0 0
1885 0 0 0 0 0 0 0
1890 0 0 0 0 0 0 0
1895 0 0 0 0 0 0 0
1900 0 0 0 0 0 0 0
1905 0 0 0 0 0 0 0
1910 0 0 0 0 0 0 0
1915 0 0 0 0 0 0 0
1920 0 0 0 0 0 0 0
1925 0 0 0 0 0 0 0
1930 0 0 0 0 0 0 0
1935 0 0 0 0 0 0 0
1940 0 0 0 0 0 0 0
1945 0 0 0 0 0 0 0
1950 0 0 0 0 0 0 0
1955 0 0 0 0 0 0 0
1960 0 0 0 0 0 0 0
1965 0 0 0 0 0 0 0
1970 0 0 0 0 0 0 0
1975 0 0 0 0 0 0 0
1980 0 0 0 0 0 0 0
1985 0 0 0 0 0 0 0
1990 0 0 0 0 0 0 0
1995 0 0 0 0 0 0 0
2000 0 0 0 0 0 0 0
2005 0 0 0 0 0 0 0
2010 0 0 0 0 0 0 0
2015 0 0 0 0 0 0 0
2020 0 0 0 1 0 0 0
2025 0 0 0 1 0 0 0
2030 0 0 1 0 1 0 1
2035 0 0 1 0 1 0 1
2040 0 0 1 0 3 0 1
2045 0 0 1 0 3 0 1
2050 0 0 1 0 3 0 1
2055 0 0 1 0 3 0 1
2060 0 0 1 0 3 0 1
2065 0 0 1 0 3 0 1
2070 0 0 1 0 3 0 1
2075 0 0 1 0 3 0 1
2080 0 0 1 0 3 0 1
2085 0 0 1 0 3 0 1
2090 0 0 1 0 3 0 1
2095 0 0 1 0 3 0 1
2100 0 0 1 0 3 0 1
2105 0 0 1 0 3 0 1
2110 0 0 1 0 3 0 1
2115 0 0 1 0 3 0 1
2120 0 0 1 0 3 0 1
2125 0 0 1 0 3 0 1
2130 0 0 1 0 3 0 1
2135 0 0 1 0 3 0 1
2140 0 0 1 0 3 0 1
2145 0 0 1 0 3 0 1
2150 0 0 1 0 3 0 1
2155 0 0 1 0 4 0 1
2160 0 0 1 0 4 0 1
2165 0 0 0 1 4 0 0
2170 0 0 0 1 4 0 0
2175 0 0 0 0 0 0 0
2180 0 0 0 0 0 0 0
2185 0 0 0 0 0 0 0
2190 0 0 0 0 0 0 0
2195 0 0 0 0 0 0 0
2200 0 0 0 0 0 0 0
2205 0 0 0 0 0 0 0
2210 0 0 0 0 0 0 0
2215 0 0 0 0 0 0 0
2220 0 0 0 0 0 0 0
2225 0 0 0 0 0 0 0
2230 0 0 0 0 0 0 0
2235 0 0 0 0 0 0 0
2240 0 0 0 0 0 0 0
2245 0 0 0 0 0 0 0
2250 0 0 0 0 0 0 0
2255 0 0 0 0 0 0 0
2260 0 0 0 0 0 0 0
2265 0 0 0 0 0 0 0
2270 0 0 0 0 0 0 0
2275 0 0 0 0 0 0 0
2280 0 0 0 0 0 0 0
2285 0 0 0 0 0 0 0
2290 0 0 0 0 0 0 0
2295 0 0 0 0 0 0 0
2300 0 0 0 0 0 0 0
2305 0 0 0 0 0 0 0
2310 0 0 0 0 0 0 0
2315 0 0 0 0 0 0 0
2320 0 0 0 0 0 0 0
2325 0 0 0 0 0 0 0
2330 0 0 0 0 0 0 0
2335 0 0 0 0 0 0 0
2340 0 0 0 0 0 0 0
2345 0 0 0 0 0 0 0
2350 0 0 0 0 0 0 0
2355 0 0 0 0 0 0 0
2360 0 0 0 0 0 0 0
2365 0 0 0 0 0 0 0
2370 0 0 0 0 0 0 0
2375 0 0 0 0 0 0 0
2380 0 0 0 0 0 0 0
2385 0 0 0 0 0 0 0
2390 0 0 0 0 0 0 0
2395 0 0 0 0 0 0 0
2400 0 0 0 0 0 0 0
2405 0 0 0 0 0 0 0
2410 0 0 0 0 0 0 0
2415 0 0 0 0 0 0 0
2420 0 0 0 0 0 0 0
2425 0 0 0 0 0 0 0
2430 0 0 0 0 0 0 0
2435 0 0 0 0 0 0 0
2440 0 0 0 0 0 0 0
2445 0 0 0 0 0 0 0
2450 0 0 0 0 0 0 0
2455 0 0 0 0 0 0 0
2460 0 0 0 0 0 0 0
2465 0 0 0 0 0 0 0
2470 0 0 0 0 0 0 0
2475 0 0 0 0 0 0 0
2480 0 0 0 0 0 0 0
2485 0 0 0 0 0 0 0
2490 0 0 0 0 0 0 0
2495 0 0 0 0 0 0 0
2500 0 0 0 0 0 0 0
2505 0 0 0 0 0 0 0
2510 0 0 0 0 0 0 0
2515 0 0 0 0 0 0 0
2520 0 0 0 0 0 0 0
2525 0 0 0 0 0 0 0
2530 0 0 0 0 0 0 0
2535 0 0 0 0 0 0 0
2540 0 0 0 0 0 0 0
2545 0 0 0 0 0 0 0
2550 0 0 0 0 0 0 0
2555 0 0 0 0 0 0 0
2560 0 0 0 0 0 0 0
2565 0 0 0 0 0 0 0
2570 0 0 0 0 0 0 0
2575 0 0 0 0 0 0 0
2580 0 0 0 0 0 0 0
2585 0 0 0 0 0 0 0
2590 0 0 0 0 0 0 0
2595 0 0 0 0 0 0 0
2600 0 0 0 0 0 0 0
2605 0 0 0 0 0 0 0
2610 0 0 0 0 0 0 0
2615 0 0 0 0 0 0 0
2620 0 0 0 0 0 0 0
2625 0 0 0 0 0 0 0
2630 0 0 0 0 0 0 0
2635 0 0 0 0 0 0 0
2640 0 0 0 0 0 0 0
2645 0 0 0 0 0 0 0
2650 0 0 0 0 0 0 0
2655 0 0 0 0 0 0 0
2660 0 0 0 0 0 0 0
2665 0 0 0 0 0 0 0
2670 0 0 0 0 0 0 0
2675 0 0 0 0 0 0 0
2680 0 0 0 0 0 0 0
2685 0 0 0 0 0 0 0
2690 0 0 0 0 0 0 0
2695 0 0 0 0 0 0 0
2700 0 0 0 1 0 0 0
2705 0 0 0 1 0 0 0
2710 0 0 0 1 0 0 0
2715 0 0 0 1 0 0 0
2720 0 0 0 1 0 0 0
2725 0 0 1 0 1 0 1
2730 0 0 1 0 1 0 1
2735 0 0 1 0 1 0 1
2740 0 0 1 0 3 0 1
2745 0 0 1 0 3 0 1
2750 0 0 1 0 3 0 1
2755 0 0 1 0 3 0 1
2760 0 0 1 0 3 0 1
2765 0 0 1 0 3 0 1
2770 0 0 1 0 3 0 1
2775 0 0 1 0 3 0 1
2780 0 0 1 0 4 0 1
2785 0 0 0 1 4 0 0
2790 0 0 0 1 4 0 0
2795 0 0 0 1 4 0 0
2800 0 0 0 0 0 0 0
2805 0 0 0 0 0 0 0
2810 0 0 0 0 0 0 0
2815 0 0 0 0 0 0 0
2820 0 0 0 0 0 0 0
2825 0 0 0 0 0 0 0
2830 0 0 0 0 0 0 0
2835 0 0 0 0 0 0 0
2840 0 0 0 0 0 0 0
2845 0 0 0 0 0 0 0
2850 0 0 0 0 0 0 0
2855 0 0 0 0 0 0 0
2860 0 0 0 0 0 0 0
2865 0 0 0 0 0 0 0
2870 0 0 0 0 0 0 0
2875 0 0 0 0 0 0 0
2880 0 0 0 0 0 0 0
2885 0 0 0 0 0 0 0
2890 0 0 0 0 0 0 0
2895 0 0 0 0 0 0 0
2900 0 0 0 0 0 0 0
2905 0 0 0 0 0 0 0
