0 0 0 0 0 0 0 0
5 0 0 0 0 0 0 0
10 0 0 0 0 0 0 0
15 0 0 0 0 0 0 0
20 0 0 0 0 0 0 0
25 0 0 0 0 0 0 0
30 0 0 0 0 0 0 0
35 0 0 0 0 0 0 0
40 0 0 0 0 0 0 0
45 0 0 0 0 0 0 0
50 0 0 0 0 0 0 0
55 0 0 0 0 0 0 0
60 0 1 0 0 0 0 0
65 0 1 0 0 0 0 0
70 0 1 0 0 0 0 0
75 0 1 0 0 0 0 0
80 0 1 0 0 0 0 0
85 0 1 0 0 0 0 0
90 0 1 0 0 0 0 0
95 0 1 0 0 0 0 0
100 1 0 0 0 1 1 0
105 1 0 0 0 1 1 0
110 1 0 0 0 1 1 0
115 1 0 0 0 1 1 0
120 1 0 0 0 2 1 0
125 1 0 0 0 2 1 0
130 1 0 0 0 2 1 0
135 1 0 0 0 2 1 0
140 1 0 0 0 2 1 0
145 1 0 0 0 2 1 0
150 1 0 0 0 2 1 0
155 1 0 0 0 2 1 0
160 1 0 0 0 2 1 0
165 1 0 0 1 2 1 0
170 1 0 0 1 2 1 0
175 1 0 0 1 2 1 0
180 1 0 0 0 3 1 0
185 1 0 0 0 3 1 0
190 1 0 0 0 3 1 0
195 1 0 0 0 3 1 0
200 1 0 0 0 3 1 0
205 1 0 0 0 3 1 0
210 1 0 0 0 3 1 0
215 1 0 0 0 3 1 0
220 1 0 0 0 3 1 0
225 1 0 0 0 3 1 0
230 1 0 0 0 3 1 0
235 1 0 0 0 3 1 0
240 1 0 0 0 3 1 0
245 1 0 0 0 3 1 0
250 1 0 0 0 3 1 0
255 1 0 0 0 3 1 0
260 1 0 0 0 3 1 0
265 1 0 0 0 3 1 0
270 1 0 0 0 4 1 0
275 1 0 0 0 4 1 0
280 1 0 0 0 4 1 0
285 1 0 0 0 4 1 0
290 1 0 0 0 4 1 0
295 1 0 0 0 4 1 0
300 1 0 0 0 4 1 0
305 1 0 0 0 4 1 0
310 1 0 0 0 4 1 0
315 1 0 0 0 4 1 0
320 1 0 0 0 4 1 0
325 1 0 0 0 4 1 0
330 0 0 0 0 0 0 0
335 0 0 0 0 0 0 0
340 0 0 0 0 0 0 0
345 0 0 0 0 0 0 0
350 0 0 0 0 0 0 0
355 0 0 0 0 0 0 0
360 0 0 0 0 0 0 0
365 0 0 0 0 0 0 0
370 0 0 0 0 0 0 0
375 0 0 0 0 0 0 0
380 0 0 0 0 0 0 0
385 0 0 0 0 0 0 0
390 0 0 0 0 0 0 0
395 0 0 0 0 0 0 0
400 0 0 0 0 0 0 0
405 0 0 0 0 0 0 0
410 0 0 0 0 0 0 0
415 0 0 0 0 0 0 0
420 0 0 0 0 0 0 0
425 0 0 0 0 0 0 0
430 0 0 0 0 0 0 0
435 0 0 0 0 0 0 0
440 0 1 0 0 0 0 0
445 0 1 0 0 0 0 0
450 0 1 0 0 0 0 0
455 0 1 0 0 0 0 0
460 0 1 0 0 0 0 0
465 0 1 0 0 0 0 0
470 0 1 0 0 0 0 0
475 0 1 0 0 0 0 0
480 0 1 0 0 0 0 0
485 0 1 0 0 0 0 0
490 0 1 0 0 0 0 0
495 0 1 0 0 0 0 0
500 0 1 0 0 0 0 0
505 1 0 0 0 1 1 0
510 1 0 0 0 1 1 0
515 1 0 0 0 1 1 0
520 1 0 0 0 1 1 0
525 1 0 0 0 2 1 0
530 1 0 0 0 2 1 0
535 1 0 0 0 2 1 0
540 1 0 0 0 2 1 0
545 1 0 0 0 2 1 0
550 1 0 0 1 2 1 0
555 1 0 0 1 2 1 0
560 1 0 0 1 2 1 0
565 1 0 0 1 2 1 0
570 1 0 0 0 2 1 0
575 1 0 0 0 3 1 0
580 1 0 0 0 3 1 0
585 1 0 0 0 3 1 0
590 1 0 0 0 3 1 0
595 1 0 0 0 3 1 0
600 1 0 0 0 3 1 0
605 1 0 0 0 3 1 0
610 1 0 0 0 3 1 0
615 1 0 0 0 3 1 0
620 1 0 0 0 3 1 0
625 1 0 0 0 3 1 0
630 1 0 0 0 3 1 0
635 1 0 0 0 3 1 0
640 1 0 0 0 3 1 0
645 1 0 0 0 3 1 0
650 1 0 0 0 3 1 0
655 1 0 0 0 3 1 0
660 1 0 0 0 4 1 0
665 1 0 0 0 4 1 0
670 1 0 0 0 4 1 0
675 1 0 0 0 4 1 0
680 1 0 0 0 4 1 0
685 1 0 0 0 4 1 0
690 1 0 0 0 4 1 0
695 1 0 0 0 4 1 0
700 1 0 0 0 4 1 0
705 1 0 0 0 4 1 0
710 0 1 0 0 4 0 0
715 0 1 0 0 4 0 0
720 0 1 0 0 4 0 0
725 0 1 0 0 4 0 0
730 0 0 0 0 0 0 0
735 0 0 0 0 0 0 0
740 0 0 0 0 0 0 0
745 0 0 0 0 0 0 0
750 0 0 0 0 0 0 0
755 0 0 0 0 0 0 0
760 0 0 0 0 0 0 0
765 0 0 0 0 0 0 0
770 0 0 0 0 0 0 0
775 0 0 0 0 0 0 0
780 0 0 0 0 0 0 0
785 0 0 0 0 0 0 0
790 0 0 0 0 0 0 0
795 0 0 0 0 0 0 0
800 0 0 0 0 0 0 0
805 0 1 0 0 0 0 0
810 0 1 0 0 0 0 0
815 1 0 0 0 1 1 0
820 1 0 0 0 1 1 0
825 1 0 0 0 1 1 0
830 1 0 0 0 3 1 0
835 1 0 0 0 3 1 0
840 1 0 0 0 3 1 0
845 1 0 0 0 3 1 0
850 1 0 0 0 3 1 0
855 1 0 0 0 3 1 0
860 1 0 0 0 3 1 0
865 1 0 0 0 3 1 0
870 1 0 0 0 3 1 0
875 1 0 0 0 3 1 0
880 1 0 0 0 3 1 0
885 1 0 0 0 3 1 0
890 1 0 0 0 4 1 0
895 1 0 0 0 4 1 0
900 1 0 0 0 4 1 0
905 1 0 0 0 4 1 0
910 1 0 0 0 4 1 0
915 1 0 0 0 4 1 0
920 0 1 0 0 4 0 0
925 0 1 0 0 4 0 0
930 0 1 0 0 4 0 0
935 0 1 0 0 4 0 0
940 0 1 0 0 4 0 0
945 0 1 0 0 4 0 0
950 0 0 0 0 0 0 0
955 0 0 0 0 0 0 0
960 0 0 0 0 0 0 0
965 0 0 0 0 0 0 0
970 0 0 0 0 0 0 0
975 0 0 0 0 0 0 0
980 0 0 0 0 0 0 0
985 0 0 0 0 0 0 0
990 0 0 0 0 0 0 0
995 0 0 0 0 0 0 0
1000 0 0 0 0 0 0 0
1005 0 0 0 0 0 0 0
1010 0 0 0 0 0 0 0
1015 0 0 0 0 0 0 0
1020 0 0 0 0 0 0 0
1025 0 0 0 0 0 0 0
1030 0 0 0 0 0 0 0
1035 0 0 0 0 0 0 0
1040 0 0 0 0 0 0 0
1045 0 0 0 0 0 0 0
1050 0 0 0 0 0 0 0
1055 0 0 0 0 0 0 0
1060 0 0 0 0 0 0 0
1065 0 1 0 0 0 0 0
1070 0 1 0 0 0 0 0
1075 0 1 0 0 0 0 0
1080 0 1 0 0 0 0 0
1085 0 1 0 0 0 0 0
1090 0 1 0 0 0 0 0
1095 0 1 0 0 0 0 0
1100 1 0 0 0 1 1 0
1105 1 0 0 0 1 1 0
1110 1 0 0 0 1 1 0
1115 1 0 0 0 3 1 0
1120 1 0 0 0 3 1 0
1125 1 0 0 0 3 1 0
1130 1 0 0 0 3 1 0
1135 1 0 0 0 3 1 0
1140 1 0 0 0 3 1 0
1145 1 0 0 0 3 1 0
1150 1 0 0 0 3 1 0
1155 1 0 0 0 3 1 0
1160 1 0 0 0 3 1 0
1165 1 0 0 0 3 1 0
1170 1 0 0 0 3 1 0
1175 1 0 0 0 3 1 0
1180 1 0 0 0 3 1 0
1185 1 0 0 0 3 1 0
1190 1 0 0 0 3 1 0
1195 1 0 0 0 3 1 0
1200 1 0 0 0 3 1 0
1205 1 0 0 0 3 1 0
1210 1 0 0 0 3 1 0
1215 1 0 0 0 3 1 0
1220 1 0 0 0 3 1 0
1225 1 0 0 0 3 1 0
1230 1 0 0 0 4 1 0
1235 1 0 0 0 4 1 0
1240 1 0 0 0 4 1 0
1245 1 0 0 0 4 1 0
1250 1 0 0 0 4 1 0
1255 1 0 0 0 4 1 0
1260 0 1 0 0 4 0 0
1265 0 1 0 0 4 0 0
1270 0 1 0 0 4 0 0
1275 0 1 0 0 4 0 0
1280 0 0 0 0 0 0 0
1285 0 0 0 0 0 0 0
1290 0 0 0 0 0 0 0
1295 0 0 0 0 0 0 0
1300 0 0 0 0 0 0 0
1305 0 0 0 0 0 0 0
1310 0 0 0 0 0 0 0
1315 0 0 0 0 0 0 0
1320 0 0 0 0 0 0 0
1325 0 0 0 0 0 0 0
1330 0 0 0 0 0 0 0
1335 0 0 0 0 0 0 0
1340 0 0 0 0 0 0 0
1345 0 0 0 0 0 0 0
1350 0 0 0 0 0 0 0
1355 0 0 0 0 0 0 0
1360 0 0 0 0 0 0 0
1365 0 0 0 0 0 0 0
1370 0 0 0 0 0 0 0
1375 0 0 0 0 0 0 0
1380 0 0 0 0 0 0 0
1385 0 0 0 0 0 0 0
1390 0 0 0 0 0 0 0
1395 0 0 0 0 0 0 0
1400 0 1 0 0 0 0 0
1405 0 1 0 0 0 0 0
1410 0 1 0 0 0 0 0
1415 0 1 0 0 0 0 0
1420 1 0 0 0 1 1 0
1425 1 0 0 0 1 1 0
1430 1 0 0 0 1 1 0
1435 1 0 0 0 1 1 0
1440 1 0 0 0 1 1 0
1445 1 0 0 0 1 1 0
1450 1 0 0 0 2 1 0
1455 1 0 0 0 2 1 0
1460 1 0 0 1 2 1 0
1465 1 0 0 1 2 1 0
1470 1 0 0 1 2 1 0
1475 1 0 0 1 2 1 0
1480 1 0 0 1 2 1 0
1485 1 0 0 1 2 1 0
1490 1 0 0 0 3 1 0
1495 1 0 0 0 3 1 0
1500 1 0 0 0 3 1 0
1505 1 0 0 0 3 1 0
1510 1 0 0 0 3 1 0
1515 1 0 0 0 3 1 0
1520 1 0 0 0 3 1 0
1525 1 0 0 0 3 1 0
1530 1 0 0 0 3 1 0
1535 1 0 0 0 3 1 0
1540 1 0 0 0 3 1 0
1545 1 0 0 0 3 1 0
1550 1 0 0 0 2 1 0
1555 1 0 0 0 4 1 0
1560 1 0 0 0 4 1 0
1565 0 1 0 0 4 0 0
1570 0 1 0 0 4 0 0
1575 0 1 0 0 4 0 0
1580 0 1 0 0 4 0 0
1585 0 1 0 0 4 0 0
1590 0 1 0 0 4 0 0
1595 0 1 0 0 4 0 0
1600 0 1 0 0 4 0 0
1605 0 1 0 0 4 0 0
1610 0 1 0 0 4 0 0
1615 0 1 0 0 4 0 0
1620 0 1 0 0 4 0 0
1625 0 1 0 0 4 0 0
1630 0 0 0 0 0 0 0
1635 0 0 0 0 0 0 0
1640 0 0 0 0 0 0 0
1645 0 0 0 0 0 0 0
1650 0 0 0 0 0 0 0
1655 0 0 0 0 0 0 0
1660 0 0 0 0 0 0 0
1665 0 0 0 0 0 0 0
1670 0 0 0 0 0 0 0
1675 0 0 0 0 0 0 0
1680 0 0 0 0 0 0 0
1685 0 1 0 0 0 0 0
1690 0 1 0 0 0 0 0
1695 1 0 0 0 1 1 0
1700 1 0 0 0 1 1 0
1705 1 0 0 0 1 1 0
1710 1 0 0 0 3 1 0
1715 1 0 0 0 3 1 0
1720 1 0 0 0 3 1 0
1725 1 0 0 0 3 1 0
1730 1 0 0 0 3 1 0
1735 1 0 0 0 3 1 0
1740 1 0 0 0 3 1 0
1745 1 0 0 0 4 1 0
1750 1 0 0 0 4 1 0
1755 1 0 0 0 4 1 0
1760 1 0 0 0 4 1 0
1765 1 0 0 0 4 1 0
1770 1 0 0 0 4 1 0
1775 1 0 0 0 4 1 0
1780 1 0 0 0 4 1 0
1785 1 0 0 0 4 1 0
1790 1 0 0 0 4 1 0
1795 1 0 0 0 4 1 0
1800 1 0 0 0 4 1 0
1805 1 0 0 0 4 1 0
1810 1 0 0 0 4 1 0
1815 1 0 0 0 4 1 0
1820 1 0 0 0 4 1 0
1825 1 0 0 0 4 1 0
1830 1 0 0 0 4 1 0
1835 1 0 0 0 4 1 0
1840 1 0 0 0 4 1 0
1845 1 0 0 0 4 1 0
1850 1 0 0 0 4 1 0
1855 1 0 0 0 4 1 0
1860 1 0 0 0 4 1 0
1865 1 0 0 0 4 1 0
1870 1 0 0 0 4 1 0
1875 1 0 0 0 4 1 0
1880 1 0 0 0 4 1 0
1885 1 0 0 0 4 1 0
1890 1 0 0 0 4 1 0
1895 0 1 0 0 4 0 0
1900 0 1 0 0 4 0 0
1905 0 1 0 0 4 0 0
1910 0 0 0 0 0 0 0
1915 0 0 0 0 0 0 0
1920 0 0 0 0 0 0 0
1925 0 0 0 0 0 0 0
1930 0 0 0 0 0 0 0
1935 0 0 0 0 0 0 0
1940 0 0 0 0 0 0 0
1945 0 0 0 0 0 0 0
1950 0 0 0 0 0 0 0
1955 0 0 0 0 0 0 0
1960 0 0 0 0 0 0 0
1965 0 0 0 0 0 0 0
1970 0 0 0 0 0 0 0
1975 0 0 0 0 0 0 0
1980 0 0 0 0 0 0 0
1985 0 1 0 0 0 0 0
1990 1 0 0 0 1 1 0
1995 1 0 0 0 1 1 0
2000 1 0 0 0 1 1 0
2005 1 0 0 0 2 1 0
2010 1 0 0 0 2 1 0
2015 1 0 0 1 2 1 0
2020 1 0 0 1 2 1 0
2025 1 0 0 1 2 1 0
2030 1 0 0 1 2 1 0
2035 1 0 0 1 2 1 0
2040 1 0 0 1 2 1 0
2045 1 0 0 1 2 1 0
2050 1 0 0 1 2 1 0
2055 1 0 0 1 2 1 0
2060 1 0 0 1 2 1 0
2065 1 0 0 1 2 1 0
2070 1 0 0 1 2 1 0
2075 1 0 0 1 2 1 0
2080 1 0 0 1 2 1 0
2085 1 0 0 1 2 1 0
2090 1 0 0 0 2 1 0
2095 1 0 0 0 2 1 0
2100 1 0 0 0 2 1 0
2105 1 0 0 0 2 1 0
2110 1 0 0 0 2 1 0
2115 1 0 0 0 2 1 0
2120 1 0 0 0 2 1 0
2125 1 0 0 0 2 1 0
2130 1 0 0 0 2 1 0
2135 1 0 0 1 2 1 0
2140 1 0 0 0 3 1 0
2145 1 0 0 0 3 1 0
2150 1 0 0 0 3 1 0
2155 1 0 0 0 3 1 0
2160 1 0 0 0 3 1 0
2165 1 0 0 0 3 1 0
2170 1 0 0 0 3 1 0
2175 1 0 0 0 3 1 0
2180 1 0 0 0 3 1 0
2185 1 0 0 0 3 1 0
2190 1 0 0 0 4 1 0
2195 1 0 0 0 4 1 0
2200 1 0 0 0 4 1 0
2205 1 0 0 0 4 1 0
2210 1 0 0 0 4 1 0
2215 1 0 0 0 4 1 0
2220 0 1 0 0 4 0 0
2225 0 1 0 0 4 0 0
2230 0 1 0 0 4 0 0
2235 0 1 0 0 4 0 0
2240 0 1 0 0 4 0 0
2245 0 1 0 0 4 0 0
2250 0 1 0 0 4 0 0
2255 0 1 0 0 4 0 0
2260 0 1 0 0 4 0 0
2265 0 1 0 0 4 0 0
2270 0 0 0 0 0 0 0
2275 0 0 0 0 0 0 0
2280 0 0 0 0 0 0 0
2285 0 0 0 0 0 0 0
2290 0 0 0 0 0 0 0
2295 0 0 0 0 0 0 0
2300 0 0 0 0 0 0 0
2305 0 0 0 0 0 0 0
2310 0 0 0 0 0 0 0
2315 0 0 0 0 0 0 0
2320 0 0 0 0 0 0 0
2325 0 0 0 0 0 0 0
2330 0 0 0 0 0 0 0
2335 0 0 0 0 0 0 0
2340 0 0 0 0 0 0 0
2345 0 0 0 0 0 0 0
2350 0 0 0 0 0 0 0
2355 0 0 0 0 0 0 0
2360 0 0 0 0 0 0 0
