0 0 0 0 0 0 0 0
5 0 0 0 0 0 0 0
10 0 0 0 0 0 0 0
15 0 0 0 0 0 0 0
20 0 0 0 0 0 0 0
25 0 0 0 0 0 0 0
30 0 0 0 0 0 0 0
35 0 0 0 0 0 0 0
40 0 0 0 0 0 0 0
45 0 0 0 0 0 0 0
50 0 0 0 0 0 0 0
55 0 0 0 0 0 0 0
60 0 0 0 0 0 0 0
65 0 0 0 0 0 0 0
70 0 0 0 0 0 0 0
75 0 0 0 0 0 0 0
80 0 0 0 0 0 0 0
85 0 0 0 0 0 0 0
90 0 0 0 0 0 0 0
95 0 0 0 0 0 0 0
100 0 0 0 0 0 0 0
105 0 0 0 0 0 0 0
110 0 0 0 0 0 0 0
115 0 0 0 0 0 0 0
120 0 0 0 0 0 0 0
125 0 0 0 0 0 0 0
130 0 0 0 1 0 0 0
135 0 0 0 1 0 0 0
140 0 0 0 1 0 0 0
145 0 0 0 1 0 0 0
150 0 0 1 0 1 0 1
155 0 0 1 0 1 0 1
160 0 0 1 0 1 0 1
165 0 0 1 0 3 0 1
170 0 0 1 0 3 0 1
175 0 0 1 0 3 0 1
180 0 0 1 0 3 0 1
185 0 0 1 0 3 0 1
190 0 0 1 0 3 0 1
195 0 0 1 0 4 0 1
200 0 0 1 0 4 0 1
205 0 0 0 1 4 4 0
210 0 0 0 1 4 4 0
215 0 0 0 0 0 0 0
220 0 0 0 0 0 0 0
225 0 0 0 0 0 0 0
230 0 0 0 0 0 0 0
235 0 0 0 0 0 0 0
240 0 0 0 0 0 0 0
245 0 0 0 0 0 0 0
250 0 0 0 0 0 0 0
255 0 0 0 0 0 0 0
260 0 0 0 0 0 0 0
265 0 0 0 0 0 0 0
270 0 0 0 1 0 0 0
275 0 0 0 1 0 0 0
280 0 0 0 0 0 0 0
285 0 0 0 1 0 0 0
290 0 0 0 1 0 0 0
295 0 0 0 1 0 0 0
300 0 0 0 0 0 0 0
305 0 0 0 0 0 0 0
310 0 0 0 1 0 0 0
315 0 0 0 1 0 0 0
320 0 0 1 0 1 0 1
325 0 0 1 0 1 0 1
330 0 0 1 0 3 0 1
335 0 0 1 0 3 0 1
340 0 0 1 0 3 0 1
345 0 0 1 0 3 0 1
350 0 0 1 0 3 0 1
355 0 0 1 0 3 0 1
360 0 0 1 0 3 0 1
365 0 0 1 0 3 0 1
370 0 0 1 0 3 0 1
375 0 0 1 0 3 0 1
380 0 0 1 0 3 0 1
385 0 0 1 0 3 0 1
390 0 0 1 0 3 0 1
395 0 0 1 0 3 0 1
400 0 0 1 0 3 0 1
405 0 0 1 0 3 0 1
410 0 0 1 0 3 0 1
415 0 0 1 0 4 0 1
420 0 0 1 0 4 0 1
425 0 0 0 1 4 4 0
430 0 0 0 0 0 0 0
435 0 0 0 0 0 0 0
440 0 0 0 0 0 0 0
445 0 0 0 0 0 0 0
450 0 0 0 0 0 0 0
455 0 0 0 0 0 0 0
460 0 0 0 0 0 0 0
465 0 0 0 0 0 0 0
470 0 0 0 0 0 0 0
475 0 0 0 0 0 0 0
480 0 0 0 1 0 0 0
485 0 0 0 1 0 0 0
490 0 0 0 1 0 0 0
495 0 0 0 0 0 0 0
500 0 0 0 1 0 0 0
505 0 0 0 1 0 0 0
510 0 0 1 0 1 0 1
515 0 0 1 0 1 0 1
520 0 0 1 0 3 0 1
525 0 0 1 0 3 0 1
530 0 0 1 0 4 0 1
535 0 0 1 0 4 0 1
540 0 0 1 0 4 0 1
545 0 0 1 0 4 0 1
550 0 0 0 0 0 0 0
555 0 0 0 0 0 0 0
560 0 0 0 0 0 0 0
565 0 0 0 0 0 0 0
570 0 0 0 0 0 0 0
575 0 0 0 0 0 0 0
580 0 0 0 0 0 0 0
585 0 0 0 0 0 0 0
590 0 0 0 1 0 0 0
595 0 0 0 1 0 0 0
600 0 0 0 1 0 0 0
605 0 0 1 0 1 0 1
610 0 0 0 0 0 0 1
615 0 0 0 0 0 0 1
620 0 0 0 0 0 0 0
625 0 0 0 0 0 0 0
630 0 0 0 1 0 0 0
635 0 0 0 1 0 0 0
640 0 0 0 1 0 0 0
645 0 0 0 1 0 0 0
650 0 0 0 1 0 0 0
655 0 0 1 0 1 0 1
660 0 0 1 0 1 0 1
665 0 0 1 0 3 0 1
670 0 0 1 0 3 0 1
675 0 0 1 0 3 0 1
680 0 0 1 0 3 0 1
685 0 0 1 0 3 0 1
690 0 0 1 0 3 0 1
695 0 0 1 0 3 0 1
700 0 0 1 0 3 0 1
705 0 0 1 0 3 0 1
710 0 0 1 0 3 0 1
715 0 0 1 0 3 0 1
720 0 0 1 0 3 0 1
725 0 0 1 0 3 0 1
730 0 0 1 0 3 0 1
735 0 0 1 0 3 0 1
740 0 0 1 0 3 0 1
745 0 0 1 0 4 0 1
750 0 0 1 0 4 0 1
755 0 0 0 1 4 4 0
760 0 0 0 0 0 0 0
765 0 0 0 0 0 0 0
770 0 0 0 0 0 0 0
775 0 0 0 0 0 0 0
780 0 0 0 0 0 0 0
785 0 0 0 0 0 0 0
790 0 0 0 0 0 0 0
795 0 0 0 0 0 0 0
800 0 0 0 0 0 0 0
805 0 0 0 1 0 0 0
810 0 0 0 1 0 0 0
815 0 0 0 1 0 0 0
820 0 0 0 1 0 0 0
825 0 0 1 0 1 0 1
830 0 0 1 0 1 0 1
835 0 0 1 0 2 0 1
840 0 0 1 0 2 0 1
845 0 0 1 0 2 0 1
850 0 0 1 0 2 0 1
855 0 0 1 0 2 0 1
860 0 0 1 0 2 0 1
865 0 0 1 0 2 0 1
870 0 0 1 0 2 0 1
875 0 1 1 0 2 0 1
880 0 1 1 0 2 0 1
885 0 1 1 0 2 0 1
890 0 1 1 0 2 0 1
895 0 1 1 0 3 0 1
900 0 0 1 0 3 0 1
905 0 0 1 0 3 0 1
910 0 0 1 0 3 0 1
915 0 0 1 0 3 0 1
920 0 0 1 0 3 0 1
925 0 0 1 0 3 0 1
930 0 0 1 0 3 0 1
935 0 0 1 0 4 0 1
940 0 0 1 0 4 0 1
945 0 0 0 1 4 4 0
950 0 0 0 1 4 4 0
955 0 0 0 0 0 0 0
960 0 0 0 0 0 0 0
965 0 0 0 0 0 0 0
970 0 0 0 0 0 0 0
975 0 0 0 0 0 0 0
980 0 0 0 0 0 0 0
985 0 0 0 0 0 0 0
990 0 0 0 0 0 0 0
995 0 0 0 0 0 0 0
1000 0 0 0 0 0 0 0
1005 0 0 0 0 0 0 0
1010 0 0 0 0 0 0 0
1015 0 0 0 0 0 0 0
1020 0 0 0 0 0 0 0
1025 0 0 0 0 0 0 0
1030 0 0 0 1 0 0 0
1035 0 0 1 0 1 0 1
1040 0 0 1 0 2 0 1
1045 0 0 1 0 2 0 1
1050 0 0 1 0 2 0 1
1055 0 0 1 0 2 0 1
1060 0 0 1 0 2 0 1
1065 0 0 1 0 2 0 1
1070 0 0 1 0 2 0 1
1075 0 0 1 0 2 0 1
1080 0 0 1 0 2 0 1
1085 0 0 1 0 2 0 1
1090 0 0 1 0 2 0 1
1095 0 0 1 0 2 0 1
1100 0 0 1 0 2 0 1
1105 0 0 1 0 2 0 1
1110 0 1 1 0 2 0 1
1115 0 0 1 0 2 0 1
1120 0 0 1 0 2 0 1
1125 0 0 1 0 2 0 1
1130 0 0 1 0 2 0 1
1135 0 0 1 0 3 0 1
1140 0 0 1 0 3 0 1
1145 0 0 1 0 3 0 1
1150 0 0 1 0 3 0 1
1155 0 0 1 0 3 0 1
1160 0 0 1 0 4 0 1
1165 0 0 0 0 0 0 0
1170 0 0 0 0 0 0 0
1175 0 0 0 0 0 0 0
1180 0 0 0 0 0 0 0
1185 0 0 0 0 0 0 0
1190 0 0 0 0 0 0 0
1195 0 0 0 0 0 0 0
1200 0 0 0 0 0 0 0
1205 0 0 0 0 0 0 0
1210 0 0 0 0 0 0 0
1215 0 0 0 0 0 0 0
1220 0 0 0 0 0 0 0
1225 0 0 0 1 0 0 0
1230 0 0 0 1 0 0 0
1235 0 0 0 1 0 0 0
1240 0 0 0 1 0 0 0
1245 0 0 0 1 0 0 0
1250 0 0 0 0 0 0 0
1255 0 0 0 0 0 0 0
1260 0 0 0 0 0 0 0
1265 0 0 0 0 0 0 0
1270 0 0 0 1 0 0 0
1275 0 0 0 1 0 0 0
1280 0 0 0 0 0 0 0
1285 0 0 0 0 0 0 0
1290 0 0 0 0 0 0 0
1295 0 0 0 0 0 0 0
1300 0 0 0 0 0 0 0
1305 0 0 0 1 0 0 0
1310 0 0 0 1 0 0 0
1315 0 0 0 1 0 0 0
1320 0 0 0 0 0 0 0
1325 0 0 0 0 0 0 0
1330 0 0 0 0 0 0 0
1335 0 0 0 0 0 0 0
1340 0 0 0 0 0 0 0
1345 0 0 0 0 0 0 0
1350 0 1 0 0 0 0 0
1355 0 0 0 0 0 0 0
1360 0 0 0 1 0 0 0
1365 0 0 0 1 0 0 0
1370 0 0 0 1 0 0 0
1375 0 0 0 1 0 0 0
1380 0 1 0 1 0 0 0
1385 0 1 0 1 0 0 0
1390 0 0 1 0 1 0 1
1395 0 0 1 0 1 0 1
1400 0 0 1 0 3 0 1
1405 0 0 1 0 3 0 1
1410 0 0 1 0 3 0 1
1415 0 0 1 0 3 0 1
1420 0 0 1 0 4 0 1
1425 0 0 1 0 4 0 1
1430 0 0 1 0 4 0 1
1435 0 0 0 1 4 0 0
1440 0 0 0 0 0 0 0
1445 0 0 0 0 0 0 0
1450 0 0 0 0 0 0 0
1455 0 0 0 0 0 0 0
1460 0 0 0 0 0 0 0
1465 0 0 0 0 0 0 0
1470 0 0 0 0 0 0 0
1475 0 0 0 0 0 0 0
1480 0 0 0 0 0 0 0
1485 0 0 0 0 0 0 0
1490 0 0 0 0 0 0 0
1495 0 0 0 0 0 0 0
1500 0 0 0 0 0 0 0
1505 0 0 0 0 0 0 0
1510 0 0 0 0 0 0 0
1515 0 0 0 0 0 0 0
1520 0 0 0 0 0 0 0
1525 0 0 0 0 0 0 0
1530 0 0 0 0 0 0 0
1535 0 0 0 0 0 0 0
1540 0 0 0 0 0 0 0
1545 0 0 0 0 0 0 0
1550 0 0 0 0 0 0 0
1555 0 0 0 0 0 0 0
1560 0 0 0 0 0 0 0
1565 0 0 0 0 0 0 0
1570 0 0 0 0 0 0 0
1575 0 0 0 0 0 0 0
1580 0 0 0 0 0 0 0
1585 0 0 0 0 0 0 0
