0 0 0 0 0 0 0 0
5 0 0 0 0 0 0 0
10 0 0 0 0 0 0 0
15 0 0 0 0 0 0 0
20 0 0 0 0 0 0 0
25 0 0 0 0 0 0 0
30 0 1 0 0 0 0 0
35 0 1 0 0 0 0 0
40 0 1 0 0 0 0 0
45 0 1 0 0 0 0 0
50 1 0 0 0 2 1 0
55 1 0 0 0 3 1 0
60 1 0 0 0 3 1 0
65 1 0 0 0 3 1 0
70 1 0 0 0 4 1 0
75 1 0 0 0 4 1 0
80 1 0 0 0 4 1 0
85 1 0 0 0 4 1 0
90 1 0 0 0 4 1 0
95 1 0 0 0 3 1 0
100 1 0 0 0 3 1 0
105 1 0 0 0 3 1 0
110 1 0 0 0 3 1 0
115 1 0 0 0 3 1 0
120 1 0 0 0 3 1 0
125 1 0 0 0 3 1 0
130 1 0 0 0 3 1 0
135 1 0 0 0 3 1 0
140 1 0 0 0 3 1 0
145 1 0 0 0 4 1 0
150 0 0 0 0 0 0 0
155 0 0 0 0 0 0 0
160 0 0 0 0 0 0 0
165 0 0 0 0 0 0 0
170 0 0 0 0 0 0 0
175 0 0 0 0 0 0 0
180 0 0 0 0 0 0 0
185 0 1 0 0 0 0 0
190 0 1 0 0 0 0 0
195 0 1 0 0 0 0 0
200 0 1 0 0 0 0 0
205 1 0 0 0 1 1 0
210 1 0 0 0 1 1 0
215 1 0 0 0 3 1 0
220 1 0 0 0 3 1 0
225 1 0 0 0 3 1 0
230 0 0 0 0 0 1 0
235 0 0 0 0 0 1 0
240 0 0 0 0 0 0 0
245 0 0 0 0 0 0 0
250 0 0 0 0 0 0 0
255 0 0 0 0 0 0 0
260 0 0 0 0 0 0 0
265 0 0 0 0 0 0 0
270 0 0 0 0 0 0 0
275 0 0 0 0 0 0 0
280 0 0 0 0 0 0 0
285 0 1 0 0 0 0 0
290 0 0 0 0 0 1 0
295 0 0 0 0 0 0 0
300 0 1 0 0 0 0 0
305 0 1 0 0 0 0 0
310 0 1 0 0 0 0 0
315 0 1 0 0 0 1 0
320 0 0 0 0 0 1 0
325 0 0 0 0 0 1 0
330 0 0 0 0 0 1 0
335 0 0 0 0 0 1 0
340 0 0 0 0 0 1 0
345 0 0 0 0 0 1 0
350 0 0 0 0 0 1 0
355 0 0 0 0 0 0 0
360 0 0 0 0 0 0 0
365 0 0 0 0 0 0 0
370 0 0 0 0 0 0 0
375 0 0 0 0 0 0 0
380 1 0 0 0 1 1 0
385 0 0 0 0 0 1 0
390 0 0 0 0 0 0 0
395 0 0 0 0 0 0 0
400 0 0 0 0 0 0 0
405 0 0 0 0 0 0 0
410 0 0 0 0 0 0 0
415 0 0 0 0 0 0 0
420 0 0 0 0 0 0 0
425 0 0 0 0 0 0 0
430 0 0 0 0 0 0 0
435 0 0 0 0 0 0 0
440 0 0 0 0 0 0 0
445 0 0 0 0 0 0 0
450 0 0 0 0 0 0 0
455 0 0 0 0 0 0 0
460 0 0 0 0 0 0 0
465 0 1 0 0 0 0 0
470 0 1 0 0 0 0 0
475 0 1 0 0 0 0 0
480 0 0 0 0 0 0 0
485 0 0 0 0 0 0 0
490 0 1 0 0 0 0 0
495 0 1 0 0 0 0 0
500 0 1 0 0 0 0 0
505 1 0 0 0 1 1 0
510 1 0 0 0 1 1 0
515 1 0 0 0 3 1 0
520 1 0 0 0 3 1 0
525 1 0 0 0 3 1 0
530 1 0 0 0 3 1 0
535 1 0 0 0 3 1 0
540 1 0 0 0 3 1 0
545 1 0 0 0 3 1 0
550 1 0 0 0 4 1 0
555 1 0 0 0 4 1 0
560 0 0 0 0 0 1 0
565 0 0 0 0 0 0 0
570 0 0 0 0 0 0 0
575 0 0 0 0 0 0 0
580 0 0 0 0 0 0 0
585 0 0 0 0 0 0 0
590 0 0 0 0 0 0 0
595 0 0 0 0 0 0 0
600 0 0 0 0 0 0 0
605 0 0 0 0 0 0 0
610 0 0 0 0 0 0 0
615 0 0 0 0 0 0 0
620 0 1 0 0 0 0 0
625 1 0 0 0 1 1 0
630 1 0 0 0 1 1 0
635 1 0 0 0 2 1 0
640 1 0 0 0 2 1 0
645 1 0 0 0 2 1 0
650 1 0 0 0 2 1 0
655 1 0 0 0 2 1 0
660 1 0 0 0 2 1 0
665 1 0 0 0 2 1 0
670 1 0 0 1 2 1 0
675 0 0 0 0 0 1 0
680 0 0 0 0 0 1 0
685 0 0 0 0 0 1 0
690 0 0 0 0 0 0 0
695 0 0 0 0 0 0 0
700 0 0 0 0 0 0 0
705 0 0 0 0 0 0 0
710 0 0 0 0 0 0 0
715 0 0 0 0 0 0 0
720 0 1 0 0 0 0 0
725 0 1 0 0 0 0 0
730 1 0 0 0 1 1 0
735 1 0 0 0 2 1 0
740 1 0 0 0 2 1 0
745 1 0 0 0 2 1 0
750 1 0 0 0 2 1 0
755 1 0 0 0 2 1 0
760 1 0 0 1 2 1 0
765 1 0 0 0 3 1 0
770 1 0 0 0 3 1 0
775 1 0 0 0 3 1 0
780 1 0 0 0 3 1 0
785 1 0 0 0 4 1 0
790 1 0 0 0 4 1 0
795 0 0 0 0 0 0 0
800 0 0 0 0 0 0 0
805 0 0 0 0 0 0 0
810 0 0 0 0 0 0 0
815 0 1 0 0 0 0 0
820 0 0 0 0 0 0 0
825 0 0 0 0 0 0 0
830 0 0 0 0 0 0 0
835 0 0 0 0 0 0 0
840 0 0 0 0 0 0 0
845 0 0 0 0 0 0 0
850 0 0 0 0 0 0 0
855 0 0 0 0 0 0 0
860 0 0 0 0 0 0 0
865 0 0 0 0 0 0 0
870 0 0 0 0 0 0 0
875 0 0 0 0 0 1 0
880 0 0 0 0 0 1 0
885 0 0 0 0 0 0 0
890 0 0 0 0 0 0 0
895 0 0 0 0 0 0 0
900 1 0 0 0 1 1 0
905 1 0 0 0 1 1 0
910 1 0 0 0 3 1 0
915 1 0 0 0 3 1 0
920 1 0 0 0 3 1 0
925 1 0 0 0 3 1 0
930 1 0 0 0 3 1 0
935 1 0 0 0 3 1 0
940 1 0 0 0 3 1 0
945 1 0 0 0 3 1 0
950 1 0 0 0 4 1 0
955 1 0 0 0 4 1 0
960 1 0 0 0 3 1 0
965 1 0 0 0 3 1 0
970 1 0 0 0 3 1 0
975 1 0 0 0 4 1 0
980 0 0 0 0 0 0 0
985 0 0 0 0 0 0 0
990 0 0 0 0 0 0 0
995 0 0 0 0 0 0 0
1000 0 0 0 0 0 0 0
1005 0 0 0 0 0 0 0
1010 0 0 0 0 0 0 0
1015 0 0 0 0 0 0 0
1020 0 0 0 0 0 0 0
1025 0 0 0 0 0 0 0
1030 0 0 0 0 0 0 0
1035 0 0 0 0 0 0 0
1040 0 0 0 0 0 0 0
1045 0 0 0 0 0 0 0
1050 0 0 0 0 0 0 0
1055 0 0 0 0 0 0 0
1060 0 0 0 0 0 0 0
1065 0 0 0 0 0 0 0
1070 0 0 0 0 0 0 0
1075 0 0 0 0 0 0 0
1080 0 0 0 0 0 1 0
1085 0 0 0 0 0 1 0
1090 0 0 0 0 0 1 0
1095 0 0 0 0 0 1 0
1100 0 0 0 0 0 1 0
1105 0 0 0 0 0 0 0
1110 0 0 0 0 0 0 0
1115 0 0 0 0 0 0 0
1120 0 0 0 0 0 0 0
1125 0 0 0 0 0 0 0
1130 0 0 0 0 0 0 0
1135 0 0 0 0 0 1 0
1140 0 0 0 0 0 1 0
1145 0 0 0 0 0 1 0
1150 0 0 0 0 0 1 0
1155 0 0 0 0 0 1 0
1160 0 0 0 0 0 1 0
1165 0 0 0 0 0 1 0
1170 0 0 0 0 0 1 0
1175 0 0 0 0 0 1 0
1180 0 0 0 0 0 1 0
1185 0 0 0 0 0 0 0
1190 0 0 0 0 0 0 0
1195 0 0 0 0 0 0 0
1200 0 0 0 0 0 0 0
1205 0 0 0 0 0 0 0
1210 0 0 0 0 0 0 0
1215 0 0 0 0 0 0 0
1220 0 0 0 0 0 0 0
1225 0 0 0 0 0 0 0
1230 0 1 0 0 0 0 0
1235 0 1 0 0 0 0 0
1240 0 1 0 0 0 0 0
1245 0 1 0 0 0 0 0
1250 0 1 0 0 0 0 0
1255 0 0 0 0 0 0 0
1260 0 1 0 0 0 0 0
1265 0 1 0 0 0 0 0
1270 1 0 0 0 1 1 0
1275 1 0 0 0 1 1 0
1280 1 0 0 0 2 1 0
1285 1 0 0 0 2 1 0
1290 1 0 0 0 2 1 0
1295 1 0 0 0 2 1 0
1300 1 0 0 0 2 1 0
1305 1 0 0 1 2 1 0
1310 1 0 0 0 3 1 0
1315 1 0 0 0 3 1 0
1320 1 0 0 0 3 1 0
1325 1 0 0 0 3 1 0
1330 1 0 0 0 3 1 0
1335 1 0 0 0 3 1 0
1340 1 0 0 0 3 1 0
1345 1 0 0 0 3 1 0
1350 1 0 0 0 3 1 0
1355 1 0 0 0 3 1 0
1360 1 0 0 0 4 1 0
1365 1 0 0 0 4 1 0
1370 0 0 0 0 0 0 0
1375 0 0 0 0 0 0 0
1380 0 0 0 0 0 0 0
1385 0 0 0 0 0 0 0
1390 0 0 0 0 0 0 0
1395 0 0 0 0 0 0 0
1400 0 0 0 0 0 0 0
1405 0 0 0 0 0 0 0
1410 0 0 0 0 0 0 0
1415 0 0 0 0 0 0 0
1420 0 0 0 0 0 0 0
1425 0 0 0 0 0 0 0
1430 0 1 0 0 0 0 0
1435 1 0 0 0 1 1 0
1440 1 0 0 0 3 1 0
1445 1 0 0 0 3 1 0
1450 1 0 0 0 3 1 0
1455 1 0 0 0 3 1 0
1460 1 0 0 0 3 1 0
1465 1 0 0 0 3 1 0
1470 1 0 0 0 3 1 0
1475 1 0 0 0 3 1 0
1480 1 0 0 0 3 1 0
1485 1 0 0 0 3 1 0
1490 1 0 0 0 3 1 0
1495 1 0 0 0 3 1 0
1500 1 0 0 0 3 1 0
1505 1 0 0 0 3 1 0
1510 1 0 0 0 3 1 0
1515 1 0 0 0 3 1 0
1520 1 0 0 0 3 1 0
1525 1 0 0 0 4 1 0
1530 1 0 0 0 4 1 0
1535 0 0 0 0 0 0 0
1540 0 0 0 0 0 0 0
1545 0 0 0 0 0 0 0
1550 0 0 0 0 0 0 0
1555 0 0 0 0 0 0 0
1560 0 0 0 0 0 0 0
1565 0 0 0 0 0 0 0
1570 0 0 0 0 0 0 0
1575 0 0 0 0 0 0 0
1580 0 0 0 0 0 0 0
1585 0 0 0 0 0 0 0
1590 0 0 0 0 0 0 0
1595 0 0 0 0 0 0 0
1600 0 0 0 0 0 0 0
1605 0 0 0 0 0 0 0
1610 0 0 0 0 0 0 0
1615 0 0 0 0 0 0 0
1620 0 0 0 0 0 0 0
1625 0 0 0 0 0 0 0
1630 1 0 0 0 1 1 0
1635 1 0 0 0 1 1 0
1640 1 0 0 0 3 1 0
1645 1 0 0 0 3 1 0
1650 1 0 0 0 3 1 0
1655 1 0 0 0 3 1 0
1660 1 0 0 0 3 1 0
1665 1 0 0 0 3 1 0
1670 1 0 0 0 3 1 0
1675 1 0 0 0 3 1 0
1680 1 0 0 0 3 1 0
1685 1 0 0 0 3 1 0
1690 1 0 0 0 3 1 0
1695 1 0 0 0 4 1 0
1700 0 1 0 0 4 0 0
1705 0 1 0 0 4 0 0
1710 0 0 0 0 0 0 0
1715 0 0 0 0 0 0 0
1720 0 0 0 0 0 0 0
1725 0 0 0 0 0 0 0
1730 0 0 0 0 0 0 0
1735 0 0 0 0 0 0 0
1740 0 0 0 0 0 0 0
1745 0 0 0 0 0 0 0
1750 0 0 0 0 0 0 0
1755 0 0 0 0 0 0 0
1760 0 0 0 0 0 0 0
1765 0 0 0 0 0 0 0
1770 0 0 0 0 0 0 0
1775 0 0 0 0 0 0 0
1780 0 0 0 0 0 0 0
1785 0 0 0 0 0 0 0
1790 0 0 0 0 0 0 0
1795 0 0 0 0 0 0 0
1800 0 0 0 0 0 0 0
1805 0 0 0 0 0 0 0
1810 0 0 0 0 0 0 0
1815 0 0 0 0 0 0 0
