0 0 0 0 0 0 0 0
5 0 0 0 0 0 0 0
10 0 0 0 0 0 0 0
15 0 0 0 0 0 0 0
20 0 0 0 0 0 0 0
25 0 0 0 0 0 0 0
30 0 0 0 0 0 0 0
35 0 0 0 0 0 0 0
40 0 0 0 0 0 0 0
45 0 0 0 0 0 0 0
50 0 0 0 0 0 0 0
55 0 0 0 0 0 0 0
60 0 0 0 0 0 0 0
65 0 0 0 0 0 0 0
70 0 0 0 0 0 0 0
75 0 0 0 0 0 0 0
80 0 0 0 0 0 0 0
85 0 0 0 0 0 0 0
90 0 0 0 0 0 0 0
95 0 0 0 0 0 0 0
100 0 0 0 0 0 0 0
105 0 0 0 0 0 0 0
110 0 0 0 0 0 0 0
115 0 0 0 0 0 0 0
120 0 0 0 0 0 0 0
125 0 0 0 0 0 0 0
130 0 0 0 0 0 0 0
135 0 0 0 0 0 0 0
140 0 0 0 0 0 0 0
145 0 1 0 0 0 0 0
150 0 1 0 0 0 0 0
155 0 0 0 0 0 0 0
160 0 1 0 0 0 0 0
165 0 1 0 0 0 0 0
170 0 1 0 0 0 0 0
175 1 0 0 0 1 1 0
180 1 0 0 0 1 1 0
185 1 0 0 0 1 1 0
190 1 0 0 0 1 1 0
195 1 0 0 0 2 1 0
200 1 0 0 0 2 1 0
205 1 0 0 0 2 1 1
210 1 0 0 0 2 1 1
215 1 0 0 0 2 1 1
220 1 0 0 0 2 1 1
225 1 0 0 0 2 1 1
230 1 0 0 0 2 1 1
235 1 0 0 0 2 1 1
240 1 0 0 0 2 1 1
245 1 0 0 0 2 1 1
250 1 0 0 0 2 1 1
255 1 0 0 0 2 1 1
260 1 0 0 0 2 1 1
265 1 0 0 1 2 1 1
270 1 0 0 1 2 1 1
275 1 0 0 0 3 1 1
280 1 0 0 0 3 1 1
285 1 0 0 0 3 1 1
290 1 0 0 0 3 1 1
295 1 0 0 0 3 1 1
300 1 0 0 0 3 1 1
305 1 0 0 0 3 1 1
310 1 0 0 0 3 1 1
315 1 0 0 0 3 1 1
320 1 0 0 0 3 1 1
325 1 0 0 0 3 1 1
330 1 0 0 0 3 1 1
335 1 0 0 0 3 1 1
340 1 0 0 0 3 1 1
345 1 0 0 0 3 1 1
350 1 0 0 0 3 1 1
355 1 0 0 0 3 1 1
360 1 0 0 0 3 1 1
365 1 0 0 0 3 1 1
370 1 0 0 0 3 1 1
375 1 0 0 0 3 1 1
380 1 0 0 0 3 1 1
385 1 0 0 0 3 1 1
390 1 0 0 0 4 1 1
395 1 0 0 0 4 1 1
400 1 0 0 0 4 1 1
405 1 0 0 0 4 1 1
410 1 0 0 0 4 1 1
415 1 0 0 0 4 1 1
420 1 0 0 0 4 1 1
425 0 1 0 0 4 0 1
430 0 0 0 0 0 0 1
435 0 0 0 0 0 0 1
440 0 0 0 0 0 0 1
445 0 0 0 0 0 0 1
450 0 0 0 0 0 0 1
455 0 0 0 0 0 0 1
460 0 0 0 0 0 0 1
465 0 0 0 0 0 0 1
470 0 0 0 0 0 0 1
475 0 0 0 0 0 0 1
480 0 0 0 0 0 0 1
485 0 0 0 0 0 0 1
490 0 0 0 0 0 0 1
495 0 0 0 0 0 0 1
500 0 0 0 0 0 0 1
505 0 0 0 0 0 0 1
510 0 0 0 0 0 0 1
515 0 0 0 0 0 0 1
520 0 0 0 0 0 0 1
525 0 0 0 0 0 0 1
530 0 0 0 0 0 0 1
535 0 1 0 0 0 0 1
540 0 1 0 0 0 0 1
545 1 0 0 0 1 1 1
550 1 0 0 0 1 1 1
555 1 0 0 0 1 1 1
560 1 0 0 0 3 1 1
565 1 0 0 0 3 1 1
570 1 0 0 0 3 1 1
575 1 0 0 0 3 1 1
580 1 0 0 0 3 1 1
585 1 0 0 0 3 1 1
590 1 0 0 0 3 1 1
595 1 0 0 0 3 1 1
600 1 0 0 0 3 1 1
605 1 0 0 0 3 1 1
610 1 0 0 0 3 1 0
615 1 0 0 0 4 1 0
620 1 0 0 0 4 1 0
625 1 0 0 0 4 1 0
630 0 1 0 0 4 0 0
635 0 1 0 0 4 0 0
640 0 1 0 0 4 0 0
645 0 0 0 0 0 0 0
650 0 0 0 0 0 0 0
655 0 0 0 0 0 0 0
660 0 0 0 0 0 0 0
665 0 0 0 0 0 0 0
670 0 0 0 0 0 0 0
675 0 0 0 0 0 0 0
680 0 0 0 0 0 0 0
685 0 0 0 0 0 0 0
690 0 0 0 0 0 0 0
695 0 0 0 0 0 0 0
700 0 1 0 0 0 0 0
705 0 1 0 0 0 0 0
710 0 0 0 0 0 1 0
715 0 0 0 0 0 1 0
720 0 0 0 0 0 0 0
725 0 0 0 0 0 0 0
730 0 1 0 0 0 0 0
735 0 1 0 0 0 0 0
740 1 0 0 0 1 1 0
745 1 0 0 0 1 1 0
750 1 0 0 0 1 1 0
755 1 0 0 0 2 1 0
760 1 0 0 0 2 1 1
765 1 0 0 0 2 1 1
770 1 0 0 0 2 1 1
775 1 0 0 0 2 1 1
780 1 0 0 1 2 1 1
785 1 0 0 0 3 1 1
790 1 0 0 0 3 1 1
795 1 0 0 0 3 1 1
800 1 0 0 0 3 1 1
805 1 0 0 0 3 1 1
810 1 0 0 0 3 1 1
815 1 0 0 0 4 1 1
820 1 0 0 0 4 1 1
825 0 1 0 0 4 0 1
830 0 0 0 0 0 0 1
835 0 0 0 0 0 0 1
840 0 0 0 0 0 0 1
845 0 0 0 0 0 0 1
850 0 0 0 0 0 0 1
855 0 0 0 0 0 0 0
860 0 0 0 0 0 0 0
865 0 0 0 0 0 0 0
870 0 0 0 0 0 0 0
875 0 1 0 0 0 0 0
880 1 0 0 0 1 1 0
885 1 0 0 0 1 1 0
890 1 0 0 0 1 1 0
895 1 0 0 0 1 1 0
900 1 0 0 0 3 1 0
905 1 0 0 0 3 1 0
910 1 0 0 0 3 1 0
915 1 0 0 0 3 1 0
920 1 0 0 0 3 1 0
925 1 0 0 0 3 1 0
930 1 0 0 0 4 1 0
935 1 0 0 0 4 1 0
940 1 0 0 0 4 1 0
945 0 1 0 0 4 0 0
950 0 0 0 0 0 0 0
955 0 0 0 0 0 0 0
960 0 0 0 0 0 0 0
965 0 0 0 0 0 0 0
970 0 0 0 0 0 0 0
975 0 0 0 0 0 0 0
980 0 0 0 0 0 0 0
985 0 0 0 0 0 0 0
990 0 0 0 0 0 0 0
995 0 1 0 0 0 0 0
1000 1 0 0 0 1 1 0
1005 1 0 0 0 1 1 0
1010 1 0 0 0 1 1 0
1015 1 0 0 0 3 1 0
1020 1 0 0 0 3 1 0
1025 1 0 0 0 3 1 0
1030 1 0 0 0 3 1 0
1035 1 0 0 0 3 1 0
1040 1 0 0 0 3 1 0
1045 1 0 0 0 3 1 0
1050 1 0 0 0 3 1 0
1055 1 0 0 0 3 1 0
1060 1 0 0 0 3 1 0
1065 1 0 0 0 4 1 0
1070 1 0 0 0 4 1 0
1075 1 0 0 0 4 1 0
1080 0 1 0 0 4 0 0
1085 0 1 0 0 4 0 0
1090 0 1 0 0 4 0 0
1095 0 1 0 0 4 0 0
1100 0 0 0 0 0 0 0
1105 0 0 0 0 0 0 0
1110 0 0 0 0 0 0 0
1115 0 0 0 0 0 0 0
1120 0 0 0 0 0 0 0
1125 0 0 0 0 0 0 0
1130 0 0 0 0 0 0 0
1135 0 0 0 0 0 0 0
1140 0 0 0 0 0 0 0
1145 0 0 0 0 0 0 0
1150 0 1 0 0 0 0 0
1155 1 0 0 0 1 1 0
1160 1 0 0 0 1 1 0
1165 1 0 0 0 1 1 0
1170 1 0 0 0 3 1 0
1175 1 0 0 0 3 1 0
1180 1 0 0 0 3 1 0
1185 1 0 0 0 4 1 0
1190 0 1 0 0 4 0 0
1195 0 0 0 0 0 0 0
1200 0 0 0 0 0 0 0
1205 0 0 0 0 0 0 0
1210 0 0 0 0 0 0 0
1215 0 0 0 0 0 0 0
1220 0 0 0 0 0 0 0
1225 0 1 0 0 0 0 0
1230 0 1 0 0 0 0 0
1235 0 1 0 0 0 0 0
1240 1 0 0 0 1 1 0
1245 1 0 0 0 1 1 0
1250 1 0 0 0 3 1 0
1255 0 0 0 0 0 1 0
1260 0 0 0 0 0 1 0
1265 0 0 0 0 0 0 0
1270 0 0 0 0 0 0 0
1275 0 0 0 0 0 0 0
1280 0 0 0 0 0 0 0
1285 0 0 0 0 0 0 0
1290 0 0 0 0 0 0 0
1295 0 0 0 0 0 0 0
1300 0 0 0 0 0 0 0
1305 0 1 0 0 0 0 0
1310 0 1 0 0 0 0 0
1315 1 0 0 0 1 1 0
1320 1 0 0 0 1 1 0
1325 1 0 0 0 1 1 0
1330 1 0 0 0 2 1 0
1335 1 0 0 0 2 1 0
1340 1 0 0 0 2 1 0
1345 1 0 0 0 3 1 0
1350 1 0 0 0 3 1 0
1355 1 0 0 0 3 1 0
1360 1 0 0 0 3 1 0
1365 1 0 0 0 3 1 0
1370 1 0 0 0 3 1 0
1375 1 0 0 0 3 1 0
1380 1 0 0 0 3 1 0
1385 1 0 0 0 3 1 0
1390 1 0 0 0 3 1 0
1395 1 0 0 0 3 1 0
1400 1 0 0 0 3 1 0
1405 1 0 0 0 3 1 0
1410 1 0 0 0 3 1 0
1415 1 0 0 0 4 1 0
1420 1 0 0 0 4 1 0
1425 1 0 0 0 4 1 0
1430 1 0 0 0 4 1 0
1435 1 0 0 0 3 1 0
1440 1 0 0 0 3 1 0
1445 1 0 0 0 4 1 0
1450 1 0 0 0 4 1 0
1455 0 1 0 0 4 0 0
1460 0 0 0 0 0 0 0
1465 0 0 0 0 0 0 0
1470 0 0 0 0 0 0 0
1475 0 0 0 0 0 0 0
1480 0 0 0 0 0 0 0
1485 0 0 0 0 0 0 0
1490 0 0 0 0 0 0 0
1495 0 0 0 0 0 0 0
1500 0 0 0 0 0 0 0
1505 0 0 0 0 0 0 0
1510 0 0 0 0 0 0 0
1515 0 0 0 0 0 0 0
1520 0 0 0 0 0 0 0
1525 0 0 0 0 0 0 0
1530 0 0 0 0 0 0 0
1535 0 0 0 0 0 0 0
1540 0 0 0 0 0 0 0
1545 0 0 0 0 0 0 0
1550 0 0 0 0 0 0 0
1555 0 0 0 0 0 0 0
1560 0 0 0 0 0 0 0
1565 0 0 0 0 0 0 0
1570 0 0 0 0 0 0 0
1575 0 0 0 0 0 0 0
1580 0 0 0 0 0 0 0
