0 0 0 0 0 0 0 0
5 0 0 0 0 0 0 0
10 0 0 0 0 0 0 0
15 0 0 0 0 0 0 0
20 0 0 0 0 0 0 0
25 0 0 0 0 0 0 0
30 0 0 0 0 0 0 0
35 0 0 0 0 0 0 0
40 0 0 0 0 0 0 0
45 0 0 0 0 0 0 0
50 0 0 0 0 0 0 0
55 0 0 0 0 0 0 0
60 0 0 0 0 0 0 0
65 0 0 0 0 0 0 0
70 0 0 0 0 0 0 0
75 0 0 0 0 0 0 0
80 0 0 0 0 0 0 0
85 0 0 0 0 0 0 0
90 0 0 0 0 0 0 0
95 0 0 0 0 0 0 0
100 0 0 0 0 0 0 0
105 0 0 0 0 0 0 0
110 0 0 0 0 0 0 0
115 0 0 0 0 0 0 0
120 0 0 0 0 0 0 0
125 0 0 0 0 0 0 0
130 0 0 0 1 0 0 0
135 0 0 0 1 0 0 0
140 0 0 0 1 0 0 0
145 0 0 0 1 0 0 0
150 0 0 0 1 0 0 0
155 0 0 0 1 0 0 0
160 0 0 0 0 0 0 0
165 0 0 0 0 0 0 0
170 0 0 0 0 0 0 0
175 0 0 0 0 0 0 0
180 0 0 0 0 0 0 0
185 0 0 0 0 0 0 0
190 0 0 0 0 0 0 0
195 0 0 0 0 0 0 0
200 0 0 0 0 0 0 0
205 0 0 0 0 0 0 0
210 0 0 0 0 0 0 0
215 0 0 0 1 0 0 0
220 0 0 1 0 1 0 1
225 0 0 1 0 2 0 1
230 0 0 1 0 2 0 1
235 0 0 1 0 2 0 1
240 0 0 1 0 2 0 1
245 0 0 1 0 2 0 1
250 0 0 1 0 2 0 1
255 0 0 1 0 2 0 1
260 0 0 1 0 2 0 1
265 0 0 1 0 2 0 1
270 0 0 1 0 2 0 1
275 0 0 1 0 2 0 1
280 0 1 1 0 2 0 1
285 0 1 1 0 2 0 1
290 0 1 1 0 2 0 1
295 0 1 1 0 2 0 1
300 0 0 1 0 2 0 1
305 0 0 1 0 2 0 1
310 0 0 1 0 2 0 1
315 0 1 1 0 2 0 1
320 0 1 1 0 2 0 1
325 0 1 1 0 2 0 1
330 0 1 1 0 2 0 1
335 0 1 1 0 2 0 1
340 0 1 1 0 2 0 1
345 0 0 1 0 3 0 1
350 0 0 1 0 3 0 1
355 0 0 1 0 3 0 1
360 0 0 1 0 3 0 1
365 0 0 1 0 3 0 1
370 0 0 1 0 3 0 1
375 0 0 1 0 3 0 1
380 0 0 1 0 3 0 1
385 0 0 1 0 3 0 1
390 0 0 1 0 3 0 1
395 0 0 1 0 3 0 1
400 0 0 1 0 3 0 1
405 0 0 1 0 3 0 1
410 0 0 1 0 3 0 1
415 0 0 1 0 3 0 1
420 0 0 1 0 4 0 1
425 0 0 1 0 4 0 1
430 0 0 1 0 4 0 1
435 0 0 1 0 4 0 1
440 0 0 1 0 3 0 1
445 0 0 1 0 3 0 1
450 0 0 1 0 3 0 1
455 0 0 1 0 4 0 1
460 0 0 1 0 4 0 1
465 0 0 1 0 4 0 1
470 0 0 1 0 3 0 1
475 0 0 1 0 3 0 1
480 0 0 1 0 4 0 1
485 0 0 1 0 4 0 1
490 0 0 1 0 3 0 1
495 0 0 1 0 3 0 1
500 0 0 1 0 3 0 1
505 0 0 1 0 3 0 1
510 0 0 1 0 3 0 1
515 0 0 1 0 3 0 1
520 0 0 1 0 3 0 1
525 0 0 1 0 3 0 1
530 0 0 1 0 3 0 1
535 0 0 1 0 3 0 1
540 0 0 1 0 3 0 1
545 0 1 1 0 3 0 1
550 0 1 1 0 3 0 1
555 0 1 1 0 3 0 1
560 1 0 1 0 3 1 1
565 1 0 0 0 3 1 1
570 1 0 0 0 3 1 0
575 1 0 0 0 3 1 0
580 1 0 0 0 3 1 0
585 1 0 0 0 3 1 0
590 1 0 0 0 3 1 0
595 1 0 0 0 3 1 0
600 1 0 0 0 3 1 0
605 1 0 0 0 3 1 0
610 1 0 0 0 3 1 0
615 1 0 0 0 3 1 0
620 1 0 0 0 3 1 0
625 1 0 0 0 3 1 0
630 1 0 0 0 3 1 0
635 1 0 0 0 3 1 0
640 1 0 0 0 3 1 0
645 1 0 0 0 3 1 0
650 1 0 0 0 3 1 0
655 1 0 0 0 3 1 0
660 1 0 0 0 3 1 0
665 1 0 0 0 3 1 0
670 1 0 0 0 3 1 0
675 1 0 0 0 3 1 0
680 1 0 0 0 3 1 0
685 1 0 0 0 3 1 0
690 1 0 0 0 3 1 0
695 1 0 0 0 3 1 0
700 1 0 0 0 3 1 0
705 1 0 0 0 3 1 0
710 1 0 0 0 3 1 0
715 1 0 0 0 3 1 0
720 1 0 0 0 3 1 0
725 1 0 0 0 3 1 0
730 1 0 0 0 3 1 0
735 1 0 0 0 3 1 0
740 1 0 0 0 3 1 0
745 1 0 0 0 3 1 0
750 1 0 0 0 3 1 0
755 1 0 0 0 3 1 0
760 1 0 0 0 3 1 0
765 1 0 0 0 3 1 0
770 1 0 0 0 3 1 0
775 1 0 0 0 3 1 0
780 1 0 0 0 3 1 0
785 1 0 0 0 3 1 0
790 1 0 0 0 3 1 0
795 1 0 0 0 3 1 0
800 1 0 0 0 3 1 0
805 1 0 0 0 4 1 0
810 1 0 0 0 4 1 0
815 1 0 0 0 4 1 0
820 0 1 0 0 4 0 0
825 0 0 0 0 0 0 0
830 0 0 0 0 0 0 0
835 0 0 0 0 0 0 0
840 0 0 0 0 0 0 0
845 0 0 0 0 0 0 0
850 0 0 0 0 0 0 0
855 0 0 0 0 0 0 0
860 0 0 0 0 0 0 0
865 0 0 0 0 0 0 0
870 0 0 0 0 0 0 0
875 0 0 0 0 0 0 0
880 0 0 0 0 0 0 0
885 0 0 0 0 0 0 0
890 0 0 0 0 0 0 0
895 0 0 0 0 0 0 0
900 0 0 0 0 0 0 0
905 0 0 0 0 0 0 0
910 0 0 0 0 0 0 0
915 0 0 0 0 0 0 0
920 0 0 0 0 0 0 0
925 0 0 0 0 0 0 0
930 0 0 0 0 0 0 0
935 0 0 0 0 0 0 0
940 0 1 0 0 0 0 0
945 0 1 0 0 0 0 0
950 1 0 0 0 1 1 0
955 1 0 0 0 1 1 0
960 1 0 0 0 2 1 0
965 1 0 0 0 2 1 0
970 0 0 0 0 0 0 0
975 0 0 0 0 0 0 0
980 0 0 0 0 0 0 0
985 0 0 0 0 0 0 0
990 0 0 0 0 0 0 0
995 0 0 0 0 0 0 0
1000 0 0 0 0 0 0 0
1005 0 0 0 0 0 0 0
1010 0 0 0 0 0 0 0
1015 0 0 0 0 0 0 0
1020 0 1 0 0 0 0 0
1025 0 1 0 0 0 0 0
1030 0 1 0 0 0 0 0
1035 0 0 0 0 0 0 0
1040 0 0 0 0 0 0 0
1045 0 0 0 0 0 0 0
1050 0 0 0 0 0 0 0
1055 0 0 0 0 0 0 0
1060 0 0 0 0 0 0 0
1065 0 0 0 0 0 0 0
1070 0 0 0 0 0 0 0
1075 0 0 0 0 0 0 0
1080 0 1 0 0 0 0 0
1085 0 1 0 0 0 0 0
1090 0 1 0 0 0 0 0
1095 0 1 0 0 0 0 0
1100 1 0 0 0 1 1 0
1105 1 0 0 0 1 1 0
1110 1 0 0 0 1 1 0
1115 1 0 0 0 2 1 0
1120 1 0 0 0 2 1 0
1125 1 0 0 0 2 1 0
1130 1 0 0 0 2 1 0
1135 1 0 0 0 2 1 0
1140 1 0 0 0 2 1 0
1145 1 0 0 1 2 1 0
1150 1 0 0 0 3 1 0
1155 1 0 0 0 3 1 0
1160 1 0 0 0 3 1 0
1165 1 0 0 0 3 1 0
1170 1 0 0 0 3 1 0
1175 1 0 0 0 3 1 0
1180 1 0 0 0 3 1 0
1185 1 0 0 0 3 1 0
1190 1 0 0 0 3 1 0
1195 1 0 0 0 3 1 0
1200 1 0 0 0 3 1 0
1205 1 0 0 0 3 1 0
1210 1 0 0 0 4 1 0
1215 1 0 0 0 4 1 0
1220 0 1 0 0 4 0 0
1225 0 1 0 0 4 0 0
1230 0 1 0 0 4 0 0
1235 0 0 0 0 0 0 0
1240 0 0 0 0 0 0 0
1245 0 0 0 0 0 0 0
1250 0 0 0 0 0 0 0
1255 0 0 0 0 0 0 0
1260 0 0 0 0 0 0 0
1265 0 0 0 0 0 0 0
1270 0 0 0 0 0 0 0
1275 0 0 0 0 0 0 0
1280 0 0 0 0 0 0 0
1285 0 0 0 0 0 0 0
1290 0 1 0 0 0 0 0
1295 0 1 0 0 0 0 0
1300 0 1 0 0 0 0 0
1305 0 1 0 0 0 0 0
1310 1 0 0 0 1 1 0
1315 1 0 0 0 1 1 0
1320 0 0 0 0 0 1 0
1325 0 0 0 0 0 0 0
1330 0 0 0 0 0 0 0
1335 0 0 0 0 0 0 0
1340 0 1 0 0 0 0 0
1345 0 1 0 0 0 0 0
1350 0 1 0 0 0 0 0
1355 0 1 0 0 0 0 0
1360 1 0 0 0 1 1 0
1365 1 0 0 0 1 1 0
1370 1 0 0 0 2 1 0
1375 1 0 0 0 2 1 0
1380 1 0 0 0 2 1 0
1385 1 0 0 1 2 1 0
1390 1 0 0 1 2 1 0
1395 1 0 0 1 2 1 0
1400 1 0 0 1 2 1 0
1405 1 0 0 0 2 1 0
1410 1 0 0 0 2 1 0
1415 1 0 0 1 2 1 0
1420 1 0 0 1 2 1 0
1425 1 0 0 0 3 1 0
1430 1 0 0 0 3 1 0
1435 1 0 0 0 3 1 0
1440 1 0 0 0 3 1 0
1445 1 0 0 0 3 1 0
1450 1 0 0 0 3 1 0
1455 1 0 0 0 3 1 0
1460 1 0 0 0 3 1 0
1465 1 0 0 0 3 1 0
1470 1 0 0 0 3 1 0
1475 1 0 0 0 3 1 0
1480 1 0 0 0 3 1 0
1485 1 0 0 0 3 1 0
1490 1 0 0 0 3 1 0
1495 1 0 0 0 3 1 0
1500 1 0 0 0 4 1 0
1505 0 1 0 0 4 0 0
1510 0 1 0 0 4 0 0
1515 0 1 0 0 4 0 0
1520 0 1 0 0 4 0 0
1525 0 1 0 0 4 0 0
1530 0 1 0 0 4 0 0
1535 0 1 0 0 4 0 0
1540 0 1 0 0 4 0 0
1545 0 1 0 0 4 0 0
1550 0 1 0 0 4 0 0
1555 0 1 0 0 4 0 0
1560 0 1 0 0 4 0 0
1565 0 1 0 0 4 0 0
1570 0 1 0 0 4 0 0
1575 0 1 0 0 4 0 0
1580 0 1 0 0 4 0 0
1585 0 1 0 0 4 0 0
1590 0 1 0 0 4 0 0
1595 0 1 0 0 4 0 0
1600 0 1 0 0 4 0 0
1605 0 1 0 0 4 0 0
1610 0 1 0 0 4 0 0
1615 0 1 0 0 4 0 0
1620 0 1 0 0 4 0 0
1625 0 1 0 0 4 0 0
1630 0 1 0 0 4 0 0
1635 0 1 0 1 4 0 0
1640 0 0 0 1 4 0 0
1645 0 0 0 1 4 0 0
1650 0 0 0 0 0 0 0
1655 0 0 0 0 0 0 0
1660 0 0 0 0 0 0 0
1665 0 0 0 0 0 0 0
1670 0 0 0 0 0 0 0
1675 0 0 0 0 0 0 0
1680 0 0 0 0 0 0 0
1685 0 0 0 0 0 0 0
1690 0 0 0 0 0 0 0
1695 0 0 0 0 0 0 0
1700 0 0 0 0 0 0 0
1705 0 1 0 0 0 0 0
1710 0 1 0 0 0 0 0
1715 0 1 0 0 0 0 0
1720 1 0 0 0 1 1 0
1725 1 0 0 0 1 1 0
1730 1 0 0 0 2 1 0
1735 1 0 0 0 2 1 0
1740 1 0 0 0 2 1 0
1745 1 0 0 0 2 1 0
1750 1 0 0 0 2 1 0
1755 1 0 0 0 2 1 0
1760 1 0 0 0 2 1 0
1765 1 0 0 0 2 1 0
1770 1 0 0 1 2 1 0
1775 1 0 0 1 3 1 0
1780 1 0 0 0 3 1 0
1785 1 0 0 0 3 1 0
1790 1 0 0 0 3 1 0
1795 1 0 0 0 3 1 0
1800 1 0 0 0 3 1 0
1805 1 0 0 0 3 1 0
1810 1 0 0 0 3 1 0
1815 1 0 0 0 3 1 0
1820 1 0 0 0 3 1 0
1825 1 0 0 0 3 1 0
1830 1 0 0 0 3 1 0
1835 1 0 0 0 3 1 0
1840 1 0 0 0 4 1 0
1845 1 0 0 0 4 1 0
1850 1 0 0 0 4 1 0
1855 1 0 0 0 4 1 0
1860 1 0 0 0 4 1 0
1865 1 0 0 0 4 1 0
1870 1 0 0 0 4 1 0
1875 1 0 0 0 4 1 0
1880 1 0 0 0 4 1 0
1885 1 0 0 0 4 1 0
1890 1 0 0 0 4 1 0
1895 0 1 0 0 4 0 0
1900 0 1 0 0 4 0 0
1905 0 1 0 0 4 0 0
1910 0 0 0 0 0 0 0
1915 0 0 0 0 0 0 0
1920 0 0 0 0 0 0 0
1925 0 0 0 0 0 0 0
1930 0 0 0 0 0 0 0
1935 0 0 0 0 0 0 0
1940 0 0 0 0 0 0 0
1945 0 0 0 0 0 0 0
1950 0 1 0 0 0 0 0
1955 0 1 0 0 0 0 0
1960 0 1 0 0 0 0 0
1965 1 0 0 0 1 1 0
1970 1 0 0 0 1 1 0
1975 1 0 0 0 3 1 0
1980 1 0 0 0 3 1 0
1985 1 0 0 0 3 1 0
1990 1 0 0 0 3 1 0
1995 1 0 0 0 3 1 0
2000 1 0 0 0 3 1 0
2005 1 0 0 0 3 1 0
2010 1 0 0 0 3 1 0
2015 1 0 0 0 4 1 0
2020 1 0 0 0 4 1 0
2025 1 0 0 0 4 1 0
2030 1 0 0 0 4 1 0
2035 0 1 0 0 4 0 0
2040 0 1 0 0 4 0 0
2045 0 1 0 0 4 0 0
2050 0 1 0 0 4 0 0
2055 0 1 0 0 4 0 0
2060 0 0 0 0 0 0 0
2065 0 0 0 0 0 0 0
2070 0 0 0 0 0 0 0
2075 0 0 0 0 0 0 0
2080 0 0 0 0 0 0 0
2085 0 0 0 0 0 0 0
2090 0 0 0 0 0 0 0
2095 0 0 0 0 0 0 0
2100 0 0 0 0 0 0 0
2105 0 0 0 0 0 0 0
2110 0 0 0 0 0 0 0
2115 0 0 0 0 0 0 0
2120 0 1 0 0 0 0 0
2125 0 1 0 0 0 0 0
2130 1 0 0 0 1 1 0
2135 1 0 0 0 1 1 0
2140 1 0 0 0 1 1 0
2145 1 0 0 0 2 1 0
2150 1 0 0 0 2 1 0
2155 1 0 0 1 2 1 0
2160 1 0 0 0 2 1 0
2165 1 0 0 0 2 1 0
2170 1 0 0 0 2 1 0
2175 1 0 0 0 2 1 0
2180 1 0 0 0 2 1 0
2185 1 0 0 0 2 1 0
2190 1 0 0 0 2 1 0
2195 1 0 0 1 2 1 0
2200 1 0 0 1 2 1 0
2205 1 0 0 1 2 1 0
2210 1 0 0 0 2 1 0
2215 1 0 0 0 2 1 0
2220 1 0 0 0 2 1 0
2225 1 0 0 0 2 1 0
2230 1 0 0 0 2 1 0
2235 1 0 0 1 2 1 0
2240 1 0 0 1 2 1 0
2245 1 0 0 1 2 1 0
2250 1 0 0 1 2 1 0
2255 1 0 0 1 2 1 0
2260 1 0 0 1 2 1 0
2265 1 0 0 1 2 1 0
2270 1 0 0 1 2 1 0
2275 1 0 0 1 2 1 0
2280 1 0 0 1 2 1 0
2285 1 0 0 1 2 1 0
2290 1 0 0 0 2 1 1
2295 1 0 0 0 2 1 0
2300 1 0 0 0 2 1 0
2305 1 0 0 1 3 1 0
2310 1 0 0 0 3 1 0
2315 1 0 0 0 3 1 0
2320 1 0 0 0 3 1 0
2325 1 0 0 0 3 1 0
2330 1 0 0 0 3 1 0
2335 1 0 0 0 3 1 0
2340 1 0 0 0 3 1 0
2345 1 0 0 0 3 1 0
2350 1 0 0 0 4 1 0
2355 1 0 0 0 4 1 0
2360 0 1 0 0 4 0 0
2365 0 1 0 0 4 0 0
2370 0 1 0 0 4 0 0
2375 0 0 0 0 0 0 0
2380 0 0 0 0 0 0 0
2385 0 0 0 0 0 0 0
2390 0 0 0 0 0 0 0
2395 0 0 0 0 0 0 0
2400 0 0 0 0 0 0 0
2405 0 0 0 0 0 0 0
2410 0 0 0 0 0 0 0
2415 0 0 0 0 0 0 0
2420 0 0 0 0 0 0 0
2425 0 1 0 0 0 0 0
2430 0 1 0 0 0 0 0
2435 0 1 0 0 0 0 0
2440 1 0 0 0 1 1 0
2445 1 0 0 0 1 1 0
2450 1 0 0 0 2 1 0
2455 1 0 0 0 2 1 0
2460 1 0 0 1 2 1 0
2465 1 0 0 0 3 1 0
2470 1 0 0 0 3 1 0
2475 1 0 0 0 3 1 0
2480 1 0 0 0 3 1 0
2485 1 0 0 0 3 1 0
2490 1 0 0 0 3 1 0
2495 1 0 0 0 3 1 0
2500 1 0 0 0 3 1 0
2505 1 0 0 0 3 1 0
2510 1 0 0 0 3 1 0
2515 1 0 0 0 3 1 0
2520 1 0 0 0 4 1 0
2525 1 0 0 0 4 1 0
2530 1 0 0 0 4 1 0
2535 1 0 0 0 4 1 0
2540 1 0 0 0 4 1 0
2545 0 1 0 0 4 0 0
2550 0 1 0 0 4 0 0
2555 0 1 0 0 4 0 0
2560 0 0 0 0 0 0 0
2565 0 0 0 0 0 0 0
2570 0 0 0 0 0 0 0
2575 0 0 0 0 0 0 0
2580 0 0 0 0 0 0 0
2585 0 0 0 0 0 0 0
2590 0 0 0 0 0 0 0
2595 0 0 0 0 0 0 0
2600 0 0 0 0 0 0 0
2605 0 0 0 0 0 0 0
2610 0 0 0 0 0 0 0
2615 0 0 0 0 0 0 0
2620 0 0 0 0 0 0 0
2625 0 0 0 0 0 0 0
2630 0 0 0 0 0 0 0
2635 0 0 0 0 0 0 0
2640 0 0 0 0 0 0 0
