0 0 0 0 0 0 0 1
5 0 0 0 0 0 0 0
10 0 0 0 0 0 0 0
15 0 0 0 0 0 0 0
20 0 0 0 0 0 0 0
25 0 0 0 0 0 0 0
30 0 0 0 0 0 0 0
35 0 0 0 0 0 0 0
40 0 0 0 0 0 0 0
45 0 0 0 0 0 0 0
50 0 1 0 0 0 0 0
55 0 1 0 0 0 0 0
60 1 0 0 0 1 1 0
65 1 0 0 0 1 1 0
70 1 0 0 0 1 1 0
75 1 0 0 0 2 1 0
80 1 0 0 0 2 1 0
85 1 0 0 0 2 1 1
90 1 0 0 0 2 1 1
95 1 0 0 0 2 1 1
100 1 0 0 0 2 1 1
105 1 0 0 0 2 1 1
110 1 0 0 0 2 1 1
115 1 0 0 0 2 1 1
120 1 0 0 0 2 1 1
125 1 0 0 0 2 1 1
130 1 0 0 0 2 1 1
135 1 0 0 0 2 1 1
140 1 0 0 0 2 1 1
145 1 0 0 0 2 1 1
150 1 0 0 0 2 1 1
155 1 0 0 0 2 1 1
160 1 0 0 0 2 1 1
165 1 0 0 0 2 1 1
170 1 0 0 0 2 1 1
175 1 0 0 0 2 1 1
180 1 0 0 0 2 1 1
185 1 0 0 0 2 1 1
190 1 0 0 0 2 1 1
195 1 0 0 0 2 1 1
200 1 0 0 0 2 1 1
205 1 0 0 0 2 1 1
210 1 0 0 0 2 1 1
215 1 0 0 0 2 1 1
220 1 0 0 0 2 1 1
225 1 0 0 0 2 1 1
230 1 0 0 0 2 1 1
235 1 0 0 0 2 1 1
240 1 0 0 0 2 1 1
245 1 0 0 0 2 1 1
250 1 0 0 0 2 1 1
255 1 0 0 1 2 1 1
260 1 0 0 0 3 1 1
265 1 0 0 0 3 1 1
270 1 0 0 0 3 1 1
275 1 0 0 0 3 1 1
280 1 0 0 0 3 1 1
285 1 0 0 0 3 1 1
290 1 0 0 0 3 1 1
295 1 0 0 0 3 1 1
300 1 0 0 0 3 1 1
305 1 0 0 0 3 1 1
310 1 0 0 0 3 1 1
315 1 0 0 0 3 1 1
320 1 0 0 0 3 1 1
325 1 0 0 0 3 1 1
330 1 0 0 0 3 1 1
335 1 0 0 0 3 1 1
340 1 0 0 0 3 1 1
345 1 0 0 0 3 1 1
350 1 0 0 0 3 1 1
355 1 0 0 0 3 1 1
360 1 0 0 0 3 1 1
365 1 0 0 0 3 1 1
370 1 0 0 0 3 1 1
375 1 0 0 0 3 1 1
380 1 0 0 0 3 1 1
385 1 0 0 0 3 1 1
390 1 0 0 0 3 1 1
395 1 0 0 0 3 1 1
400 1 0 0 0 3 1 1
405 1 0 0 0 4 1 1
410 1 0 0 0 4 1 1
415 1 0 0 0 3 1 1
420 1 0 0 0 3 1 1
425 1 0 0 0 4 1 1
430 1 0 0 0 4 1 1
435 0 1 0 0 4 0 1
440 0 1 0 0 4 0 1
445 0 0 0 0 0 0 1
450 0 0 0 0 0 0 1
455 0 0 0 0 0 0 1
460 0 0 0 0 0 0 1
465 0 0 0 0 0 0 1
470 0 0 0 0 0 0 1
475 0 0 0 0 0 0 1
480 0 0 0 0 0 0 1
485 0 0 0 0 0 0 1
490 0 0 0 0 0 0 1
495 0 0 0 0 0 0 1
500 0 0 0 0 0 0 1
505 0 0 0 0 0 0 1
510 0 1 0 0 0 0 1
515 0 1 0 0 0 0 1
520 0 1 0 0 0 0 1
525 0 1 0 0 0 0 1
530 1 0 0 0 1 1 1
535 1 0 0 0 1 1 1
540 1 0 0 0 1 1 1
545 1 0 0 0 2 1 1
550 1 0 0 0 2 1 1
555 1 0 0 0 2 1 1
560 1 0 0 0 2 1 1
565 1 0 0 0 2 1 1
570 1 0 0 0 2 1 1
575 1 0 0 0 2 1 1
580 1 0 0 0 2 1 1
585 1 0 0 1 2 1 1
590 1 0 0 1 2 1 1
595 1 0 0 1 2 1 1
600 1 0 0 0 3 1 1
605 1 0 0 0 3 1 1
610 1 0 0 0 3 1 1
615 1 0 0 0 3 1 1
620 1 0 0 0 3 1 1
625 1 0 0 0 3 1 1
630 1 0 0 0 3 1 1
635 1 0 0 0 3 1 1
640 1 0 0 0 3 1 1
645 1 0 0 0 3 1 1
650 1 0 0 0 3 1 1
655 1 0 0 0 3 1 1
660 1 0 0 0 3 1 1
665 1 0 0 0 3 1 1
670 1 0 0 0 3 1 1
675 1 0 0 0 3 1 1
680 1 0 0 0 3 1 1
685 1 0 0 0 3 1 1
690 1 0 0 0 3 1 1
695 1 0 0 0 3 1 1
700 1 0 0 0 3 1 1
705 1 0 0 0 3 1 1
710 1 0 0 0 3 1 1
715 1 0 0 0 3 1 1
720 1 0 0 0 3 1 1
725 1 0 0 0 3 1 1
730 1 0 0 0 3 1 1
735 1 0 0 0 4 1 1
740 1 0 0 0 4 1 1
745 1 0 0 0 4 1 1
750 1 0 0 0 4 1 1
755 1 0 0 0 4 1 1
760 1 0 0 0 4 1 1
765 1 0 0 0 4 1 1
770 0 1 0 0 4 0 1
775 0 0 0 0 0 0 1
780 0 0 0 0 0 0 1
785 0 0 0 0 0 0 1
790 0 0 0 0 0 0 1
795 0 0 0 0 0 0 1
800 0 0 0 0 0 0 1
805 0 0 0 0 0 0 1
810 0 0 0 0 0 0 1
815 0 0 0 0 0 0 1
820 0 0 0 0 0 0 1
825 0 0 0 0 0 0 1
830 0 0 0 0 0 0 1
835 0 0 0 0 0 0 1
840 0 0 0 0 0 0 1
845 0 0 0 0 0 0 1
850 0 0 0 0 0 0 1
855 0 0 0 0 0 0 1
860 0 0 0 0 0 0 1
865 0 0 0 0 0 0 1
870 0 0 0 0 0 0 1
875 0 0 0 0 0 0 1
880 0 0 0 0 0 0 1
885 0 0 0 0 0 0 1
890 0 0 0 0 0 0 1
895 0 0 0 0 0 0 1
900 0 1 0 0 0 0 1
905 0 1 0 0 0 0 1
910 0 1 0 0 0 0 1
915 1 0 0 0 1 1 1
920 1 0 0 0 2 1 1
925 1 0 0 1 2 1 1
930 1 0 0 0 3 1 1
935 1 0 0 0 3 1 1
940 1 0 0 0 3 1 1
945 1 0 0 0 3 1 1
950 1 0 0 0 3 1 1
955 1 0 0 0 3 1 1
960 1 0 0 0 3 1 1
965 1 0 0 0 3 1 1
970 1 0 0 0 3 1 1
975 1 0 0 0 4 1 1
980 1 0 0 0 4 1 1
985 0 1 0 0 4 0 1
990 0 0 0 0 0 0 1
995 0 0 0 0 0 0 1
1000 0 0 0 0 0 0 1
1005 0 0 0 0 0 0 1
1010 0 0 0 0 0 0 1
1015 0 0 0 0 0 0 1
1020 0 0 0 0 0 0 1
1025 0 0 0 0 0 0 1
1030 0 0 0 0 0 0 1
1035 0 0 0 0 0 0 1
1040 0 1 0 0 0 0 1
1045 1 0 0 0 1 1 1
1050 1 0 0 0 2 1 1
1055 1 0 0 0 2 1 1
1060 1 0 0 0 2 1 1
1065 1 0 0 0 3 1 1
1070 1 0 0 0 3 1 1
1075 1 0 0 0 3 1 1
1080 1 0 0 0 3 1 1
1085 1 0 0 0 3 1 1
1090 1 0 0 0 3 1 1
1095 1 0 0 0 3 1 1
1100 1 0 0 0 3 1 1
1105 1 0 0 0 3 1 1
1110 1 0 0 0 3 1 1
1115 1 0 0 0 4 1 1
1120 1 0 0 0 4 1 1
1125 1 0 0 0 4 1 1
1130 0 1 0 0 4 0 1
1135 0 0 0 0 0 0 1
1140 0 0 0 0 0 0 1
1145 0 0 0 0 0 0 1
1150 0 0 0 0 0 0 1
1155 0 0 0 0 0 0 1
1160 0 0 0 0 0 0 1
1165 0 0 0 0 0 0 1
1170 0 1 0 0 0 0 1
1175 0 1 0 0 0 0 1
1180 0 1 0 0 0 0 1
1185 0 1 0 0 0 0 1
1190 0 1 0 0 0 0 1
1195 0 1 0 0 0 0 1
1200 0 1 0 0 0 0 1
1205 0 1 0 0 0 0 1
1210 0 1 0 0 0 0 1
1215 1 0 0 0 1 1 1
1220 1 0 0 0 2 1 1
1225 1 0 0 0 2 1 1
1230 1 0 0 0 2 1 1
1235 1 0 0 0 2 1 1
1240 1 0 0 0 2 1 1
1245 1 0 0 0 2 1 1
1250 1 0 0 0 2 1 1
1255 1 0 0 0 2 1 1
1260 1 0 0 0 2 1 1
1265 1 0 0 0 2 1 1
1270 1 0 0 0 2 1 1
1275 1 0 0 0 2 1 1
1280 1 0 0 1 2 1 1
1285 1 0 0 1 2 1 0
1290 1 0 0 1 2 1 0
1295 1 0 0 1 2 1 0
1300 1 0 0 1 2 1 0
1305 1 0 0 1 2 1 0
1310 1 0 0 1 2 1 0
1315 1 0 0 1 2 1 0
1320 1 0 0 0 2 1 0
1325 1 0 0 0 2 1 0
1330 1 0 0 1 2 1 0
1335 1 0 0 1 2 1 0
1340 1 0 0 1 2 1 0
1345 1 0 0 1 3 1 0
1350 1 0 0 0 3 1 0
1355 1 0 0 0 3 1 0
1360 1 0 0 0 3 1 0
1365 1 0 0 0 3 1 0
1370 1 0 0 0 3 1 0
1375 1 0 0 0 3 1 0
1380 1 0 0 0 3 1 0
1385 1 0 0 0 3 1 0
1390 1 0 0 0 3 1 0
1395 1 0 0 0 3 1 0
1400 1 0 0 0 4 1 0
1405 1 0 0 0 4 1 0
1410 1 0 0 0 4 1 0
1415 0 0 0 0 0 1 1
1420 0 0 0 0 0 1 1
1425 0 0 0 0 0 1 1
1430 0 0 0 0 0 1 1
1435 0 0 0 0 0 1 0
1440 0 0 0 0 0 1 0
1445 0 0 0 0 0 0 0
1450 0 0 0 0 0 0 0
1455 0 0 0 0 0 0 0
1460 0 0 0 0 0 0 0
1465 0 0 0 0 0 0 0
1470 0 1 0 0 0 0 0
1475 1 0 0 0 1 1 0
1480 1 0 0 0 3 1 0
1485 1 0 0 0 3 1 0
1490 1 0 0 0 3 1 0
1495 1 0 0 0 3 1 0
1500 1 0 0 0 3 1 0
1505 1 0 0 0 3 1 0
1510 1 0 0 0 3 1 0
1515 1 0 0 0 3 1 0
1520 1 0 0 0 3 1 0
1525 1 0 0 0 4 1 0
1530 1 0 0 0 4 1 0
1535 1 0 0 0 4 1 0
1540 1 0 0 0 3 1 0
1545 1 0 0 0 3 1 0
1550 1 0 0 0 4 1 0
1555 1 0 0 0 4 1 0
1560 0 1 0 0 4 0 0
1565 0 0 0 0 0 0 0
1570 0 0 0 0 0 0 0
1575 0 0 0 0 0 0 0
1580 0 0 0 0 0 0 0
1585 0 0 0 0 0 0 0
1590 0 0 0 0 0 0 0
1595 0 0 0 0 0 0 0
1600 0 0 0 0 0 0 0
1605 0 0 0 0 0 0 0
1610 0 0 0 0 0 0 0
1615 0 0 0 0 0 0 0
1620 0 0 0 0 0 0 0
1625 0 0 0 0 0 0 0
1630 0 0 0 0 0 0 0
1635 0 0 0 0 0 0 0
1640 0 0 0 0 0 0 0
1645 0 0 0 0 0 0 0
1650 0 0 0 0 0 0 0
1655 0 0 0 0 0 0 0
1660 0 0 0 0 0 0 0
1665 0 0 0 0 0 0 0
1670 1 0 0 0 1 1 0
1675 1 0 0 0 3 1 0
1680 1 0 0 0 3 1 0
1685 1 0 0 0 3 1 0
1690 1 0 0 0 3 1 0
1695 1 0 0 0 3 1 0
1700 1 0 0 0 3 1 0
1705 1 0 0 0 3 1 0
1710 1 0 0 0 3 1 0
1715 1 0 0 0 4 1 0
1720 1 0 0 0 4 1 0
1725 1 0 0 0 4 1 0
1730 0 1 0 0 4 0 0
1735 0 1 0 0 4 0 0
1740 0 1 0 0 4 0 0
1745 0 1 0 0 4 0 0
1750 0 0 0 0 0 0 0
1755 0 0 0 0 0 0 0
1760 0 0 0 0 0 0 0
1765 0 0 0 0 0 0 0
1770 0 0 0 0 0 0 0
1775 0 0 0 0 0 0 0
1780 0 0 0 0 0 0 0
1785 0 0 0 0 0 0 0
1790 0 0 0 0 0 0 0
1795 0 0 0 0 0 0 0
1800 0 0 0 0 0 0 0
1805 0 0 0 0 0 0 0
1810 0 0 0 0 0 0 0
1815 0 0 0 0 0 0 0
1820 0 0 0 0 0 0 0
1825 0 0 0 0 0 0 0
1830 0 0 0 0 0 0 0
1835 0 0 0 0 0 0 0
1840 0 0 0 0 0 0 0
1845 0 0 0 0 0 0 0
1850 0 0 0 0 0 0 0
1855 0 0 0 0 0 0 0
