0 0 0 0 0 0 0 0
5 0 0 0 0 0 0 0
10 0 0 0 0 0 0 0
15 0 0 0 0 0 0 0
20 0 0 0 0 0 0 0
25 0 0 0 0 0 0 0
30 0 0 0 0 0 0 0
35 0 0 0 0 0 0 0
40 0 0 0 0 0 0 0
45 0 0 0 0 0 0 0
50 0 0 0 0 0 0 0
55 0 0 0 0 0 0 0
60 0 0 0 0 0 0 0
65 0 0 0 0 0 0 0
70 0 0 0 0 0 0 0
75 0 0 0 0 0 0 0
80 0 0 0 0 0 0 0
85 0 0 0 0 0 0 0
90 0 0 0 0 0 0 0
95 0 0 0 0 0 0 0
100 0 0 0 0 0 0 0
105 0 0 0 0 0 0 0
110 0 0 0 0 0 0 0
115 0 0 0 0 0 0 0
120 0 0 0 0 0 0 0
125 0 0 0 0 0 0 0
130 0 1 0 0 0 0 0
135 1 0 0 0 1 1 0
140 1 0 0 0 1 1 0
145 1 0 0 0 3 1 0
150 1 0 0 0 3 1 0
155 1 0 0 0 3 1 0
160 1 0 0 0 3 1 0
165 1 0 0 0 3 1 0
170 1 0 0 0 3 1 0
175 1 0 0 0 3 1 0
180 1 0 0 0 3 1 0
185 1 0 0 0 3 1 0
190 1 0 0 0 3 1 0
195 1 0 0 0 3 1 0
200 1 0 0 0 3 1 0
205 1 0 0 0 3 1 0
210 1 0 0 0 3 1 0
215 1 0 0 0 3 1 0
220 1 0 0 0 3 1 0
225 1 0 0 0 3 1 0
230 1 0 0 0 3 1 0
235 1 0 0 0 3 1 0
240 1 0 0 0 3 1 0
245 1 0 0 0 3 1 0
250 1 0 0 0 3 1 0
255 1 0 0 0 3 1 0
260 1 0 0 0 3 1 0
265 1 0 0 0 3 1 0
270 1 0 0 0 3 1 0
275 1 0 0 0 3 1 0
280 1 0 0 0 3 1 0
285 1 0 0 0 3 1 0
290 1 0 0 0 3 1 0
295 1 0 0 0 3 1 0
300 1 0 0 0 3 1 0
305 1 0 0 0 3 1 0
310 1 0 0 0 3 1 0
315 1 0 0 0 3 1 0
320 1 0 0 0 3 1 0
325 1 0 0 0 3 1 0
330 1 0 0 0 3 1 0
335 1 0 0 0 3 1 0
340 1 0 0 0 4 1 0
345 1 0 0 0 4 1 0
350 1 0 0 0 4 1 0
355 1 0 0 0 4 1 0
360 1 0 0 0 4 1 0
365 0 1 0 0 4 0 0
370 0 1 0 0 4 0 0
375 0 1 0 0 4 0 0
380 0 1 0 0 4 0 0
385 0 1 0 0 4 0 0
390 0 1 0 0 4 0 0
395 0 1 0 0 4 0 0
400 0 0 0 0 0 0 0
405 0 0 0 0 0 0 0
410 0 0 0 0 0 0 0
415 0 0 0 0 0 0 0
420 0 0 0 0 0 0 0
425 0 0 0 0 0 0 0
430 0 0 0 0 0 0 0
435 0 0 0 0 0 0 0
440 0 0 0 0 0 0 0
445 0 0 0 0 0 0 0
450 0 0 0 0 0 0 0
455 0 0 0 0 0 0 0
460 0 0 0 0 0 0 0
465 0 0 0 0 0 0 0
470 0 0 0 0 0 0 0
475 0 0 0 0 0 0 0
480 0 0 0 0 0 0 0
485 0 1 0 0 0 0 0
490 0 1 0 0 0 0 0
495 0 1 0 0 0 0 0
500 0 1 0 0 0 0 0
505 0 1 0 0 0 0 0
510 0 1 0 0 0 0 0
515 1 0 0 0 1 1 0
520 1 0 0 0 1 1 0
525 1 0 0 0 3 1 0
530 1 0 0 0 3 1 0
535 1 0 0 0 3 1 0
540 1 0 0 0 3 1 0
545 1 0 0 0 3 1 0
550 1 0 0 0 3 1 0
555 1 0 0 0 3 1 0
560 1 0 0 0 3 1 0
565 1 0 0 0 3 1 0
570 1 0 0 0 3 1 0
575 1 0 0 0 3 1 0
580 1 0 0 0 4 1 0
585 1 0 0 0 4 1 0
590 1 0 0 0 4 1 0
595 1 0 0 0 4 1 0
600 1 0 0 0 4 1 0
605 0 1 0 0 4 0 0
610 0 1 0 0 4 0 0
615 0 1 0 0 4 0 0
620 0 1 0 0 4 0 0
625 0 0 0 0 0 0 0
630 0 0 0 0 0 0 0
635 0 0 0 0 0 0 0
640 0 0 0 0 0 0 0
645 0 0 0 0 0 0 0
650 0 0 0 0 0 0 0
655 0 0 0 0 0 0 0
660 0 0 0 0 0 0 0
665 0 0 0 0 0 0 0
670 0 0 0 0 0 0 0
675 0 0 0 0 0 0 0
680 0 0 0 0 0 0 0
685 0 0 0 0 0 0 0
690 0 0 0 0 0 0 0
695 0 1 0 0 0 0 0
700 0 1 0 0 0 0 0
705 0 1 0 0 0 0 0
710 1 0 0 0 1 1 0
715 1 0 0 0 1 1 0
720 1 0 0 0 3 1 0
725 1 0 0 0 3 1 0
730 1 0 0 0 3 1 0
735 1 0 0 0 3 1 0
740 1 0 0 0 3 1 0
745 1 0 0 0 3 1 0
750 1 0 0 0 3 1 0
755 1 0 0 0 3 1 0
760 1 0 0 0 3 1 0
765 1 0 0 0 3 1 0
770 1 0 0 0 3 1 0
775 1 0 0 0 3 1 0
780 1 0 0 0 3 1 0
785 1 0 0 0 3 1 0
790 1 0 0 0 4 1 0
795 1 0 0 0 4 1 0
800 1 0 0 0 4 1 0
805 1 0 0 0 4 1 0
810 1 0 0 0 4 1 0
815 1 0 0 0 4 1 0
820 1 0 0 0 4 1 0
825 0 0 0 0 0 0 0
830 0 0 0 0 0 0 0
835 0 0 0 0 0 0 0
840 0 0 0 0 0 0 0
845 0 0 0 0 0 0 0
850 0 0 0 0 0 0 0
855 0 0 0 0 0 0 0
860 0 0 0 0 0 0 0
865 0 0 0 0 0 0 0
870 0 0 0 0 0 0 0
875 0 0 0 0 0 0 0
880 0 0 0 0 0 0 0
885 0 1 0 0 0 0 0
890 0 1 0 0 0 0 0
895 1 0 0 0 1 1 0
900 1 0 0 0 1 1 0
905 1 0 0 0 3 1 0
910 1 0 0 0 3 1 0
915 1 0 0 0 3 1 0
920 1 0 0 0 3 1 0
925 1 0 0 0 3 1 0
930 1 0 0 0 3 1 0
935 1 0 0 0 3 1 0
940 1 0 0 0 3 1 0
945 1 0 0 0 3 1 0
950 1 0 0 0 3 1 0
955 1 0 0 0 3 1 0
960 1 0 0 0 3 1 0
965 1 0 0 0 3 1 0
970 1 0 0 0 3 1 0
975 1 0 0 0 3 1 0
980 1 0 0 0 4 1 0
985 1 0 0 0 4 1 0
990 1 0 0 0 4 1 0
995 1 0 0 0 4 1 0
1000 1 0 0 0 4 1 0
1005 1 0 0 0 4 1 0
1010 1 0 0 0 4 1 0
1015 1 0 0 0 4 1 0
1020 1 0 0 0 4 1 0
1025 1 0 0 0 4 1 0
1030 1 0 0 0 4 1 0
1035 1 0 0 0 4 1 0
1040 1 0 0 0 4 1 0
1045 1 0 0 0 4 1 0
1050 1 0 0 0 4 1 0
1055 1 0 0 0 4 1 0
1060 1 0 0 0 4 1 0
1065 1 0 0 0 4 1 0
1070 1 0 0 0 4 1 0
1075 1 0 0 0 4 1 0
1080 1 0 0 0 4 1 0
1085 1 0 0 0 4 1 0
1090 1 0 0 0 4 1 0
1095 1 0 0 0 4 1 0
1100 1 0 0 0 3 1 0
1105 1 0 0 0 3 1 0
1110 1 0 0 0 3 1 0
1115 1 0 0 0 3 1 0
1120 1 0 0 0 3 1 0
1125 1 0 0 0 3 1 0
1130 1 0 0 0 3 1 0
1135 1 0 0 0 3 1 0
1140 1 0 0 0 4 1 0
1145 1 0 0 0 4 1 0
1150 1 0 0 0 4 1 0
1155 1 0 0 0 4 1 0
1160 1 0 0 0 4 1 0
1165 1 0 0 0 4 1 0
1170 1 0 0 0 4 1 0
1175 1 0 0 0 4 1 0
1180 1 0 0 0 4 1 0
1185 1 0 0 0 4 1 0
1190 1 0 0 0 4 1 0
1195 1 0 0 0 4 1 0
1200 1 0 0 0 4 1 0
1205 1 0 0 0 4 1 0
1210 1 0 0 0 4 1 0
1215 1 0 0 0 4 1 0
1220 1 0 0 0 4 1 0
1225 1 0 0 0 4 1 0
1230 0 1 0 1 4 0 0
1235 0 1 0 1 4 0 0
1240 0 1 0 1 4 0 0
1245 0 0 0 1 4 0 0
1250 0 0 0 1 4 0 0
1255 0 0 0 1 4 0 0
1260 0 0 0 0 0 0 0
1265 0 0 0 0 0 0 0
1270 0 0 0 0 0 0 0
1275 0 0 0 0 0 0 0
1280 0 0 0 0 0 0 0
1285 0 0 0 0 0 0 0
1290 0 0 0 0 0 0 0
1295 0 0 0 0 0 0 0
1300 0 0 0 0 0 0 0
1305 0 0 0 0 0 0 0
1310 0 0 0 0 0 0 0
1315 0 0 0 0 0 0 0
1320 0 0 0 0 0 0 0
1325 0 0 0 0 0 0 0
1330 0 0 0 0 0 0 0
1335 0 0 0 0 0 0 0
1340 0 0 0 0 0 0 0
1345 0 0 0 0 0 0 0
1350 0 0 0 0 0 0 0
1355 0 0 0 0 0 0 0
1360 0 0 0 0 0 0 0
1365 0 0 0 0 0 0 0
1370 0 0 0 0 0 0 0
1375 0 0 0 0 0 0 0
1380 0 0 0 0 0 0 0
1385 0 0 0 0 0 0 0
1390 0 0 0 0 0 0 0
1395 0 0 0 0 0 0 0
1400 0 0 0 0 0 0 0
1405 0 0 0 0 0 0 0
1410 0 0 0 0 0 0 0
1415 0 0 0 0 0 0 0
1420 0 0 0 0 0 0 0
1425 0 0 0 0 0 0 0
1430 0 0 0 0 0 0 0
1435 0 0 0 0 0 0 0
1440 0 0 0 0 0 0 0
1445 0 0 0 0 0 0 0
1450 0 0 0 0 0 0 0
1455 0 0 0 0 0 0 0
1460 0 0 0 0 0 0 0
1465 0 0 0 0 0 0 0
1470 0 0 0 0 0 0 0
1475 0 0 0 0 0 0 0
1480 0 0 0 0 0 0 0
1485 0 0 0 0 0 0 0
1490 0 0 0 0 0 0 0
1495 0 0 0 0 0 0 0
1500 0 0 0 0 0 0 0
1505 0 0 0 0 0 0 0
1510 0 0 0 0 0 0 0
1515 0 0 0 0 0 0 0
1520 0 0 0 0 0 0 0
1525 0 0 0 0 0 0 0
1530 0 0 0 0 0 0 0
1535 0 0 0 0 0 0 0
1540 0 0 0 0 0 0 0
1545 0 0 0 0 0 0 0
1550 1 0 0 0 1 1 0
1555 1 0 0 0 1 1 0
1560 1 0 0 0 2 1 0
1565 1 0 0 0 2 1 0
1570 1 0 0 0 2 1 0
1575 1 0 0 0 2 1 0
1580 1 0 0 0 2 1 0
1585 1 0 0 0 2 1 0
1590 1 0 0 0 2 1 0
1595 1 0 0 0 2 1 0
1600 1 0 0 1 2 1 0
1605 1 0 0 1 2 1 0
1610 1 0 0 0 2 1 0
1615 1 0 0 1 2 1 0
1620 1 0 0 0 3 1 0
1625 1 0 0 0 3 1 0
1630 1 0 0 0 3 1 0
1635 1 0 0 0 3 1 0
1640 1 0 0 0 3 1 0
1645 1 0 0 0 3 1 0
1650 1 0 0 0 3 1 0
1655 1 0 0 0 3 1 0
1660 1 0 0 0 3 1 0
1665 1 0 0 0 3 1 0
1670 1 0 0 0 3 1 0
1675 1 0 0 0 3 1 0
1680 1 0 0 0 3 1 0
1685 1 0 0 0 3 1 0
1690 1 0 0 0 3 1 0
1695 1 0 0 0 3 1 0
1700 1 0 0 0 3 1 0
1705 1 0 0 0 3 1 0
1710 1 0 0 0 4 1 0
1715 1 0 0 0 4 1 0
1720 1 0 0 0 4 1 0
1725 1 0 0 0 4 1 0
1730 0 1 0 0 4 0 0
1735 0 1 0 0 4 0 0
1740 0 1 0 0 4 0 0
1745 0 1 0 0 4 0 0
1750 0 0 0 0 0 0 0
1755 0 0 0 0 0 0 0
1760 0 0 0 0 0 0 0
1765 0 0 0 0 0 0 0
1770 0 0 0 0 0 0 0
1775 0 0 0 0 0 0 0
1780 0 0 0 0 0 0 0
1785 0 0 0 0 0 0 0
1790 0 0 0 0 0 0 0
1795 0 0 0 0 0 0 0
1800 0 0 0 0 0 0 0
1805 0 0 0 0 0 0 0
1810 0 1 0 0 0 0 0
1815 1 0 0 0 1 1 0
1820 1 0 0 0 3 1 0
1825 1 0 0 0 3 1 0
1830 1 0 0 0 3 1 0
1835 1 0 0 0 3 1 0
1840 1 0 0 0 3 1 0
1845 1 0 0 0 3 1 0
1850 1 0 0 0 3 1 0
1855 1 0 0 0 3 1 0
1860 1 0 0 0 3 1 0
1865 1 0 0 0 3 1 0
1870 1 0 0 0 4 1 0
1875 1 0 0 0 4 1 0
1880 1 0 0 0 4 1 0
1885 1 0 0 0 4 1 0
1890 1 0 0 0 4 1 0
1895 1 0 0 0 4 1 0
1900 1 0 0 0 4 1 0
1905 0 1 0 0 4 0 0
1910 0 1 0 0 4 0 0
1915 0 0 0 0 0 0 0
1920 0 0 0 0 0 0 0
1925 0 0 0 0 0 0 0
1930 0 0 0 0 0 0 0
1935 0 0 0 0 0 0 0
1940 0 0 0 0 0 0 0
1945 0 0 0 0 0 0 0
1950 0 0 0 0 0 0 0
1955 0 0 0 0 0 0 0
1960 0 0 0 0 0 0 0
1965 0 0 0 0 0 0 0
1970 0 0 0 0 0 0 0
1975 0 0 0 0 0 0 0
1980 0 0 0 0 0 0 0
1985 0 0 0 0 0 0 0
1990 0 0 0 0 0 0 0
1995 0 0 0 0 0 0 0
2000 0 0 0 0 0 0 0
2005 0 0 0 0 0 0 0
2010 0 0 0 0 0 0 0
2015 0 0 0 0 0 0 0
2020 0 0 0 0 0 0 0
2025 0 1 0 0 0 0 0
2030 0 1 0 0 0 0 0
2035 0 1 0 0 0 0 0
2040 1 0 0 0 1 1 0
2045 1 0 0 0 1 1 0
2050 1 0 0 0 3 1 0
2055 1 0 0 0 3 1 0
2060 1 0 0 0 3 1 0
2065 1 0 0 0 3 1 0
2070 1 0 0 0 3 1 0
2075 1 0 0 0 3 1 0
2080 1 0 0 0 3 1 0
2085 1 0 0 0 4 1 0
2090 1 0 0 0 4 1 0
2095 1 0 0 0 4 1 0
2100 1 0 0 0 4 1 0
2105 0 1 0 0 4 0 0
2110 0 1 0 0 4 0 0
2115 0 0 0 0 0 0 0
2120 0 0 0 0 0 0 0
2125 0 0 0 0 0 0 0
2130 0 0 0 0 0 0 0
2135 0 0 0 0 0 0 0
2140 0 0 0 0 0 0 0
2145 0 0 0 0 0 0 0
2150 0 0 0 0 0 0 0
2155 0 0 0 0 0 0 0
2160 0 0 0 0 0 0 0
2165 0 0 0 0 0 0 0
2170 0 0 0 0 0 0 0
2175 0 0 0 0 0 0 0
2180 0 0 0 0 0 0 0
2185 0 0 0 0 0 0 0
2190 0 0 0 0 0 0 0
2195 0 0 0 0 0 0 0
2200 0 0 0 0 0 0 0
2205 0 0 0 0 0 0 0
2210 0 0 0 0 0 0 0
