0 0 0 0 0 0 0 0
5 0 0 0 0 0 0 0
10 0 0 0 0 0 0 0
15 0 0 0 0 0 0 0
20 0 0 0 0 0 0 0
25 0 0 0 0 0 0 0
30 0 0 0 0 0 0 0
35 0 0 0 0 0 0 0
40 0 0 0 0 0 0 0
45 0 0 0 0 0 0 0
50 0 0 0 0 0 0 0
55 0 0 0 0 0 0 0
60 0 0 0 0 0 0 0
65 0 0 0 0 0 0 0
70 0 0 0 0 0 0 0
75 0 0 0 0 0 0 0
80 0 0 0 0 0 0 0
85 0 0 0 0 0 0 0
90 0 0 0 0 0 0 0
95 0 0 0 0 0 0 0
100 0 0 0 0 0 0 0
105 0 0 0 0 0 0 0
110 0 0 0 0 0 0 0
115 0 0 0 0 0 0 0
120 0 0 0 0 0 0 0
125 0 0 0 0 0 0 0
130 0 0 0 0 0 0 0
135 0 1 0 0 0 0 0
140 0 1 0 0 0 0 0
145 0 0 0 0 0 0 0
150 0 0 0 0 0 0 0
155 0 0 0 0 0 0 0
160 0 0 0 0 0 0 0
165 0 1 0 0 0 0 0
170 0 1 0 0 0 0 0
175 1 0 0 0 1 1 0
180 1 0 0 0 1 1 0
185 1 0 0 0 3 1 0
190 1 0 0 0 3 1 0
195 1 0 0 0 3 1 0
200 1 0 0 0 3 1 0
205 1 0 0 0 3 1 0
210 1 0 0 0 3 1 0
215 1 0 0 0 3 1 0
220 1 0 0 0 3 1 0
225 1 0 0 0 3 1 0
230 1 0 0 0 3 1 0
235 1 0 0 0 3 1 0
240 1 0 0 0 3 1 0
245 1 0 0 0 3 1 0
250 1 0 0 0 3 1 0
255 1 0 0 0 3 1 0
260 1 0 0 0 4 1 0
265 1 0 0 0 4 1 0
270 1 0 0 0 4 1 0
275 1 0 0 0 4 1 0
280 1 0 0 0 4 1 0
285 1 0 0 0 4 1 0
290 1 0 0 0 4 1 0
295 0 1 0 0 4 0 0
300 0 1 0 0 4 0 0
305 0 1 0 0 4 0 0
310 0 0 0 0 0 0 0
315 0 0 0 0 0 0 0
320 0 0 0 0 0 0 0
325 0 0 0 0 0 0 0
330 0 0 0 0 0 0 0
335 0 0 0 0 0 0 0
340 0 0 0 0 0 0 0
345 0 0 0 0 0 0 0
350 0 0 0 0 0 0 0
355 0 0 0 0 0 0 0
360 0 0 0 0 0 0 0
365 0 0 0 0 0 0 0
370 0 0 0 0 0 0 0
375 0 0 0 0 0 0 0
380 0 0 0 0 0 0 0
385 0 0 0 0 0 0 0
390 0 0 0 0 0 0 0
395 0 0 0 0 0 0 0
400 0 0 0 0 0 0 0
405 0 0 0 0 0 0 0
410 0 0 0 0 0 0 0
415 0 0 0 0 0 0 0
420 0 0 0 0 0 0 0
425 0 0 0 0 0 0 0
430 0 0 0 0 0 0 0
435 0 0 0 0 0 0 0
440 0 0 0 0 0 0 0
445 0 0 0 0 0 0 0
450 0 1 0 0 0 0 0
455 0 1 0 0 0 0 0
460 0 1 0 0 0 0 0
465 1 0 0 0 1 1 0
470 1 0 0 0 1 1 0
475 0 0 0 0 0 1 0
480 0 0 0 0 0 1 0
485 0 0 0 0 0 1 0
490 0 0 0 0 0 0 0
495 0 0 0 0 0 0 0
500 0 0 0 0 0 0 0
505 0 0 0 0 0 0 0
510 0 0 0 0 0 0 0
515 0 0 0 0 0 0 0
520 0 0 0 0 0 0 0
525 0 1 0 0 0 0 0
530 0 1 0 0 0 0 0
535 1 0 0 0 1 1 0
540 1 0 0 0 1 1 0
545 1 0 0 0 1 1 0
550 1 0 0 0 3 1 0
555 1 0 0 0 3 1 0
560 1 0 0 0 3 1 0
565 1 0 0 0 3 1 0
570 1 0 0 0 3 1 0
575 1 0 0 0 3 1 0
580 1 0 0 0 3 1 0
585 1 0 0 0 3 1 0
590 1 0 0 0 3 1 0
595 1 0 0 0 3 1 0
600 1 0 0 0 3 1 0
605 1 0 0 0 4 1 0
610 1 0 0 0 4 1 0
615 1 0 0 0 4 1 0
620 1 0 0 0 4 1 0
625 1 0 0 0 4 1 0
630 1 0 0 0 4 1 0
635 1 0 0 0 4 1 0
640 1 0 0 0 4 1 0
645 1 0 0 0 4 1 0
650 1 0 0 0 4 1 0
655 1 0 0 0 4 1 0
660 1 0 0 0 4 1 0
665 1 0 0 0 4 1 0
670 1 0 0 0 4 1 0
675 0 1 0 0 4 0 0
680 0 0 0 0 0 0 0
685 0 0 0 0 0 0 0
690 0 0 0 0 0 0 0
695 0 0 0 0 0 0 0
700 0 0 0 0 0 0 0
705 0 0 0 0 0 0 0
710 0 0 0 0 0 0 0
715 0 0 0 0 0 0 0
720 0 0 0 0 0 0 0
725 0 0 0 0 0 0 0
730 0 0 0 0 0 0 0
735 0 0 0 0 0 0 0
740 0 0 0 0 0 0 0
745 0 0 0 0 0 0 0
750 0 0 0 0 0 0 0
755 0 0 0 0 0 0 0
760 0 0 0 0 0 0 0
765 0 0 0 0 0 0 0
770 0 0 0 0 0 0 0
775 0 0 0 0 0 0 0
780 0 0 0 0 0 0 0
785 0 0 0 0 0 0 0
790 0 0 0 0 0 0 0
795 0 0 0 0 0 0 0
800 0 0 0 0 0 0 0
805 0 0 0 0 0 0 0
810 0 0 0 0 0 0 0
815 0 0 0 0 0 0 0
820 0 0 0 0 0 0 0
825 0 0 0 0 0 0 0
830 0 0 0 0 0 0 0
835 0 0 0 0 0 0 0
840 0 0 0 0 0 0 0
845 0 0 0 0 0 0 0
850 0 0 0 0 0 0 0
855 0 0 0 0 0 0 0
860 0 0 0 0 0 0 0
865 0 0 0 0 0 0 0
870 0 0 0 0 0 0 0
875 0 0 0 0 0 0 0
880 0 1 0 0 0 0 0
885 0 1 0 0 0 0 0
890 0 1 0 0 0 0 0
895 0 1 0 0 0 0 0
900 0 1 0 0 0 0 0
905 1 0 0 0 1 1 0
910 1 0 0 0 1 1 0
915 1 0 0 0 1 1 0
920 1 0 0 0 3 1 0
925 1 0 0 0 3 1 0
930 1 0 0 0 3 1 0
935 1 0 0 0 3 1 0
940 1 0 0 0 3 1 0
945 1 0 0 0 3 1 0
950 1 0 0 0 3 1 0
955 1 0 0 0 3 1 0
960 1 0 0 0 3 1 0
965 1 0 0 0 3 1 0
970 1 0 0 0 4 1 0
975 1 0 0 0 4 1 0
980 1 0 0 0 4 1 0
985 1 0 0 0 4 1 0
990 1 0 0 0 4 1 0
995 1 0 0 0 4 1 0
1000 1 0 0 0 4 1 0
1005 1 0 0 0 4 1 0
1010 0 1 0 0 4 0 0
1015 0 1 0 0 4 0 0
1020 0 1 0 0 4 0 0
1025 0 0 0 0 0 0 0
1030 0 0 0 0 0 0 0
1035 0 0 0 0 0 0 0
1040 0 0 0 0 0 0 0
1045 0 0 0 0 0 0 0
1050 0 0 0 0 0 0 0
1055 0 0 0 0 0 0 0
1060 0 0 0 0 0 0 0
1065 0 0 0 0 0 0 0
1070 0 0 0 0 0 0 0
1075 0 0 0 0 0 0 0
1080 0 0 0 0 0 0 0
1085 0 0 0 0 0 0 0
1090 0 0 0 0 0 0 0
1095 0 0 0 0 0 0 0
1100 0 1 0 0 0 0 0
1105 0 1 0 0 0 0 0
1110 1 0 0 0 1 1 0
1115 1 0 0 0 1 1 0
1120 1 0 0 0 3 1 0
1125 1 0 0 0 3 1 0
1130 1 0 0 0 3 1 0
1135 1 0 0 0 3 1 0
1140 1 0 0 0 3 1 0
1145 1 0 0 0 3 1 0
1150 1 0 0 0 3 1 0
1155 1 0 0 0 3 1 0
1160 1 0 0 0 3 1 0
1165 1 0 0 0 3 1 0
1170 1 0 0 0 3 1 0
1175 1 0 0 0 3 1 0
1180 1 0 0 0 3 1 0
1185 1 0 0 0 3 1 0
1190 1 0 0 0 3 1 0
1195 1 0 0 0 3 1 0
1200 1 0 0 0 3 1 0
1205 1 0 0 0 4 1 0
1210 1 0 0 0 4 1 0
1215 0 1 0 0 4 0 0
1220 0 1 0 0 4 0 0
1225 0 1 0 0 4 0 0
1230 0 0 0 0 0 0 0
1235 0 0 0 0 0 0 0
1240 0 0 0 0 0 0 0
1245 0 0 0 0 0 0 0
1250 0 0 0 0 0 0 0
1255 0 0 0 0 0 0 0
1260 0 0 0 0 0 0 0
1265 0 0 0 0 0 0 0
1270 0 0 0 0 0 0 0
1275 0 0 0 0 0 0 0
1280 0 0 0 0 0 0 0
1285 0 0 0 0 0 0 0
1290 0 0 0 0 0 0 0
1295 0 0 0 0 0 0 0
1300 0 1 0 0 0 0 0
1305 0 1 0 0 0 0 0
1310 0 1 0 0 0 0 0
1315 0 0 0 0 0 0 0
1320 0 0 0 0 0 0 0
1325 0 1 0 0 0 0 0
1330 0 1 0 0 0 0 0
1335 1 0 0 0 1 1 0
1340 1 0 0 0 3 1 0
1345 1 0 0 0 3 1 0
1350 1 0 0 0 3 1 0
1355 1 0 0 0 3 1 0
1360 1 0 0 0 3 1 0
1365 1 0 0 0 3 1 0
1370 1 0 0 0 3 1 0
1375 1 0 0 0 3 1 0
1380 1 0 0 0 3 1 0
1385 1 0 0 0 3 1 0
1390 1 0 0 0 3 1 0
1395 1 0 0 0 3 1 0
1400 1 0 0 0 3 1 0
1405 1 0 0 0 3 1 0
1410 1 0 0 0 3 1 0
1415 1 0 0 0 3 1 0
1420 1 0 0 0 3 1 0
1425 1 0 0 0 3 1 0
1430 1 0 0 0 3 1 0
1435 1 0 0 0 4 1 0
1440 1 0 0 0 4 1 0
1445 1 0 0 0 4 1 0
1450 1 0 0 0 4 1 0
1455 1 0 0 0 4 1 0
1460 1 0 0 0 4 1 0
1465 0 1 0 0 4 0 0
1470 0 1 0 0 4 0 0
1475 0 0 0 0 0 0 0
1480 0 0 0 0 0 0 0
1485 0 0 0 0 0 0 0
1490 0 0 0 0 0 0 0
1495 0 0 0 0 0 0 0
1500 0 0 0 0 0 0 0
1505 0 0 0 0 0 0 0
1510 0 0 0 0 0 0 0
1515 0 0 0 0 0 0 0
1520 0 0 0 0 0 0 0
1525 0 0 0 0 0 0 0
1530 0 0 0 0 0 0 0
1535 0 0 0 0 0 0 0
1540 0 0 0 0 0 0 0
1545 0 1 0 0 0 0 0
1550 0 1 0 0 0 0 0
1555 0 1 0 0 0 0 0
1560 0 1 0 0 0 0 0
1565 1 0 0 0 1 1 0
1570 1 0 0 0 3 1 0
1575 1 0 0 0 3 1 0
1580 1 0 0 0 3 1 0
1585 1 0 0 0 3 1 0
1590 1 0 0 0 3 1 0
1595 1 0 0 0 3 1 0
1600 1 0 0 0 3 1 0
1605 1 0 0 0 3 1 0
1610 1 0 0 0 4 1 0
1615 1 0 0 0 4 1 0
1620 1 0 0 0 4 1 0
1625 1 0 0 0 4 1 0
1630 1 0 0 0 4 1 0
1635 0 1 0 0 4 0 0
1640 0 1 0 0 4 0 0
1645 0 1 0 0 4 0 0
1650 0 1 0 0 4 0 0
1655 0 0 0 0 0 0 0
1660 0 0 0 0 0 0 0
1665 0 0 0 0 0 0 0
1670 0 0 0 0 0 0 0
1675 0 0 0 0 0 0 0
1680 0 0 0 0 0 0 0
1685 0 0 0 0 0 0 0
1690 0 0 0 0 0 0 0
1695 0 0 0 0 0 0 0
1700 0 0 0 0 0 0 0
1705 0 0 0 0 0 0 0
1710 0 0 0 0 0 0 0
1715 0 0 0 0 0 0 0
1720 0 0 0 0 0 0 0
1725 0 0 0 0 0 0 0
1730 0 0 0 0 0 0 0
1735 0 0 0 0 0 0 0
1740 0 0 0 0 0 0 0
1745 0 0 0 0 0 0 0
1750 0 0 0 0 0 0 0
1755 0 0 0 0 0 0 0
1760 0 0 0 0 0 0 0
1765 0 0 0 0 0 0 0
1770 0 0 0 0 0 0 0
1775 0 0 0 0 0 0 0
1780 0 0 0 0 0 0 0
1785 0 0 0 0 0 0 0
1790 0 0 0 0 0 0 0
1795 0 0 0 0 0 0 0
1800 0 0 0 0 0 0 0
1805 0 0 0 0 0 0 0
1810 0 0 0 0 0 0 0
1815 0 0 0 0 0 0 0
1820 0 0 0 0 0 0 0
1825 0 0 0 0 0 0 0
1830 0 0 0 0 0 0 0
1835 0 0 0 0 0 0 0
1840 0 0 0 0 0 0 0
1845 0 0 0 0 0 0 0
1850 0 0 0 0 0 0 0
1855 0 0 0 0 0 0 0
1860 0 0 0 0 0 0 0
1865 0 0 0 0 0 0 0
1870 0 0 0 0 0 0 0
1875 0 0 0 0 0 0 0
1880 0 0 0 0 0 0 0
1885 0 0 0 0 0 0 0
1890 0 1 0 0 0 0 0
1895 0 1 0 0 0 0 0
1900 0 1 0 0 0 0 0
1905 0 1 0 0 0 0 0
1910 0 0 0 0 0 0 0
1915 0 0 0 0 0 0 0
1920 0 0 0 0 0 0 0
1925 0 1 0 0 0 0 0
1930 0 1 0 0 0 0 0
1935 1 0 0 0 1 1 0
1940 1 0 0 0 1 1 0
1945 1 0 0 0 3 1 0
1950 1 0 0 0 3 1 0
1955 1 0 0 0 3 1 0
1960 1 0 0 0 3 1 0
1965 1 0 0 0 3 1 0
1970 1 0 0 0 3 1 0
1975 1 0 0 0 3 1 0
1980 1 0 0 0 3 1 0
1985 1 0 0 0 3 1 0
1990 1 0 0 0 3 1 0
1995 1 0 0 0 3 1 0
2000 1 0 0 0 3 1 0
2005 1 0 0 0 3 1 0
2010 1 0 0 0 4 1 0
2015 0 1 0 0 4 0 0
2020 0 1 0 0 4 0 0
2025 0 1 0 0 4 0 0
2030 0 1 0 0 4 0 0
2035 0 1 0 0 4 0 0
2040 0 1 0 0 4 0 0
2045 0 1 0 0 4 0 0
2050 0 1 0 0 4 0 0
2055 0 0 0 0 0 0 0
2060 0 0 0 0 0 0 0
2065 0 0 0 0 0 0 0
2070 0 0 0 0 0 0 0
2075 0 0 0 0 0 0 0
2080 0 0 0 0 0 0 0
2085 0 0 0 0 0 0 0
2090 0 0 0 0 0 0 0
2095 0 0 0 0 0 0 0
2100 0 0 0 0 0 0 0
2105 0 0 0 0 0 0 0
2110 0 0 0 0 0 0 0
2115 0 0 0 0 0 0 0
2120 0 0 0 0 0 0 0
2125 0 0 0 0 0 0 0
2130 0 0 0 0 0 0 0
2135 0 0 0 0 0 0 0
2140 0 0 0 0 0 0 0
2145 0 0 0 0 0 0 0
2150 0 0 0 0 0 0 0
