0 0 0 0 0 0 0 0
5 0 0 0 0 0 0 0
10 0 0 0 0 0 0 0
15 0 0 0 0 0 0 0
20 0 0 0 0 0 0 0
25 0 0 0 0 0 0 0
30 0 0 0 0 0 0 0
35 0 0 0 0 0 0 0
40 0 0 0 0 0 0 0
45 0 0 0 0 0 0 0
50 0 0 0 0 0 0 0
55 0 0 0 0 0 0 0
60 0 0 0 0 0 0 0
65 0 0 0 0 0 0 0
70 0 0 0 0 0 0 0
75 0 0 0 0 0 0 0
80 0 0 0 1 0 0 0
85 0 0 0 1 0 0 0
90 0 0 0 1 0 0 0
95 0 0 0 1 0 0 0
100 0 0 0 1 0 0 0
105 0 0 0 1 0 0 0
110 0 0 0 1 0 0 0
115 0 0 0 1 0 0 0
120 0 0 0 1 0 0 1
125 0 0 0 1 0 0 1
130 0 0 0 0 0 0 0
135 0 0 0 0 0 0 0
140 0 0 0 1 0 0 0
145 0 0 0 1 0 0 1
150 0 0 0 0 0 0 1
155 0 0 0 0 0 0 0
160 0 0 0 0 0 0 0
165 0 0 0 0 0 0 0
170 0 0 0 1 0 0 0
175 0 0 0 1 0 0 0
180 0 0 0 1 0 0 0
185 0 0 0 1 0 0 0
190 0 0 0 1 0 0 0
195 0 0 0 1 0 0 0
200 0 0 0 1 0 0 0
205 0 0 0 1 0 0 0
210 0 0 0 1 0 0 1
215 0 0 0 0 0 0 1
220 0 0 0 0 0 0 0
225 0 0 0 1 0 0 0
230 0 0 0 1 0 0 0
235 0 0 0 0 0 0 0
240 0 0 0 0 0 0 0
245 0 0 0 0 0 0 0
250 0 0 0 1 0 0 0
255 0 0 0 1 0 0 0
260 0 0 0 1 0 0 0
265 0 0 0 1 0 0 0
270 0 0 0 1 0 0 0
275 0 0 0 1 0 0 1
280 0 0 0 0 0 0 1
285 0 0 0 0 0 0 1
290 0 0 0 0 0 0 0
295 0 0 0 0 0 0 0
300 0 0 0 1 0 0 0
305 0 0 0 1 0 0 0
310 0 0 0 1 0 0 0
315 0 0 0 1 0 0 0
320 0 0 0 1 0 0 0
325 0 0 0 1 0 0 0
330 0 0 0 1 0 0 0
335 0 0 0 1 0 0 0
340 0 0 0 1 0 0 1
345 0 0 0 1 0 0 1
350 0 0 0 0 0 0 1
355 0 0 0 0 0 0 0
360 0 0 0 0 0 0 0
365 0 0 0 0 0 0 0
370 0 0 0 0 0 0 0
375 0 0 0 0 0 0 0
380 0 1 0 0 0 0 0
385 0 1 0 0 0 0 0
390 0 1 0 0 0 0 0
395 0 0 0 0 0 0 0
400 0 0 0 0 0 0 0
405 0 1 0 0 0 0 0
410 0 1 0 0 0 0 0
415 0 0 0 0 0 0 0
420 0 0 0 0 0 0 0
425 0 0 0 1 0 0 0
430 0 0 1 0 1 0 1
435 0 0 1 0 1 0 1
440 0 0 1 0 1 0 1
445 0 0 1 0 1 0 1
450 0 0 0 0 0 0 1
455 0 0 0 0 0 0 0
460 0 0 0 0 0 0 0
465 0 0 0 0 0 0 0
470 0 0 0 1 0 0 0
475 0 0 0 1 0 0 0
480 0 0 0 1 0 0 0
485 0 0 0 1 0 0 0
490 0 0 0 1 0 0 0
495 0 0 0 1 0 0 0
500 0 0 0 1 0 0 0
505 0 0 1 0 1 0 1
510 0 0 1 0 1 0 1
515 0 0 1 0 1 0 1
520 0 0 1 0 1 0 1
525 0 0 1 0 2 0 1
530 0 0 1 0 2 0 1
535 0 0 1 0 2 0 1
540 0 1 1 0 2 0 1
545 0 1 1 0 2 0 1
550 0 1 1 0 2 0 1
555 0 1 1 0 2 0 1
560 0 0 1 0 2 0 1
565 0 0 1 0 2 0 1
570 0 0 1 0 2 0 1
575 0 1 1 0 2 0 1
580 0 1 1 0 2 0 1
585 0 1 1 0 3 0 1
590 0 1 1 0 3 0 1
595 0 0 1 0 3 0 1
600 0 0 1 0 3 0 1
605 0 0 1 0 3 0 1
610 0 0 1 0 3 0 1
615 0 0 1 0 3 0 1
620 0 0 1 0 3 0 1
625 0 0 1 0 3 0 1
630 0 0 1 0 3 0 1
635 0 0 1 0 3 0 1
640 0 0 1 0 3 0 1
645 0 0 1 0 3 0 1
650 0 0 1 0 3 0 1
655 0 0 1 0 3 0 1
660 0 0 1 0 3 0 1
665 0 0 1 0 3 0 1
670 0 0 1 0 3 0 1
675 0 0 1 0 3 0 1
680 0 0 1 0 3 0 1
685 0 0 1 0 3 0 1
690 0 0 1 0 4 0 1
695 0 0 0 1 4 0 0
700 0 0 0 1 4 0 0
705 0 0 0 1 4 0 0
710 0 0 0 1 4 0 0
715 0 0 0 1 4 0 0
720 0 0 0 0 0 0 0
725 0 0 0 0 0 0 0
730 0 0 0 0 0 0 0
735 0 0 0 0 0 0 0
740 0 0 0 0 0 0 0
745 0 0 0 0 0 0 0
750 0 0 0 0 0 0 0
755 0 0 0 0 0 0 0
760 0 0 0 0 0 0 0
765 0 0 0 0 0 0 0
770 0 0 0 0 0 0 0
775 0 0 0 0 0 0 0
780 0 0 0 0 0 0 0
785 0 0 0 0 0 0 0
790 0 0 0 0 0 0 0
795 0 0 0 1 0 0 0
800 0 0 1 0 1 0 1
805 0 0 1 0 1 0 1
810 0 0 1 0 2 0 1
815 0 0 1 0 2 0 1
820 0 0 1 0 2 0 1
825 0 0 1 0 2 0 1
830 0 1 1 0 2 0 1
835 0 1 1 0 2 0 1
840 0 0 1 0 2 0 1
845 0 1 1 0 2 0 1
850 0 0 1 0 2 0 1
855 0 0 1 0 2 0 1
860 0 0 1 0 2 0 1
865 0 0 1 0 2 0 1
870 0 1 1 0 2 0 1
875 0 1 1 0 3 0 1
880 0 1 1 0 3 0 1
885 0 0 1 0 3 0 1
890 0 0 1 0 3 0 1
895 0 0 1 0 3 0 1
900 0 0 1 0 3 0 1
905 0 0 1 0 3 0 1
910 0 0 1 0 3 0 1
915 0 0 1 0 3 0 1
920 0 0 1 0 3 0 1
925 0 0 1 0 3 0 1
930 0 0 1 0 3 0 1
935 0 0 1 0 3 0 1
940 0 0 1 0 4 0 1
945 0 0 1 0 4 0 1
950 0 0 0 0 0 0 0
955 0 0 0 0 0 0 0
960 0 0 0 0 0 0 0
965 0 0 0 0 0 0 0
970 0 0 0 0 0 0 0
975 0 0 0 0 0 0 0
980 0 0 0 0 0 0 0
985 0 0 0 0 0 0 0
990 0 0 0 0 0 0 0
995 0 0 0 0 0 0 0
1000 0 0 0 1 0 0 0
1005 0 0 0 1 0 0 0
1010 0 0 0 1 0 0 1
1015 0 0 0 0 0 0 1
1020 0 0 0 0 0 0 0
1025 0 0 0 1 0 0 0
1030 0 0 0 1 0 0 0
1035 0 0 0 0 0 0 0
1040 0 0 0 0 0 0 0
1045 0 0 0 0 0 0 0
1050 0 0 0 1 0 0 0
1055 0 0 0 1 0 0 0
1060 0 0 0 1 0 0 0
1065 0 0 0 1 0 0 0
1070 0 0 0 1 0 0 0
1075 0 0 1 0 1 0 1
1080 0 0 1 0 2 0 1
1085 0 0 1 0 2 0 1
1090 0 0 1 0 2 0 1
1095 0 1 1 0 2 0 1
1100 0 1 1 0 2 0 1
1105 0 1 1 0 2 0 1
1110 0 1 1 0 2 0 1
1115 0 0 1 0 3 0 1
1120 0 0 1 0 3 0 1
1125 0 0 1 0 3 0 1
1130 0 0 1 0 3 0 1
1135 0 0 1 0 3 0 1
1140 0 0 1 0 3 0 1
1145 0 0 1 0 3 0 1
1150 0 0 1 0 3 0 1
1155 0 0 1 0 3 0 1
1160 0 0 1 0 3 0 1
1165 0 0 1 0 3 0 1
1170 0 0 1 0 3 0 1
1175 0 0 1 0 3 0 1
1180 0 0 1 0 4 0 1
1185 0 0 1 0 4 0 1
1190 0 0 0 1 4 0 0
1195 0 0 0 1 4 0 0
1200 0 0 0 1 4 0 0
1205 0 0 0 0 0 0 0
1210 0 0 0 0 0 0 0
1215 0 0 0 0 0 0 0
1220 0 0 0 0 0 0 0
1225 0 0 0 0 0 0 0
1230 0 0 0 0 0 0 0
1235 0 0 0 0 0 0 0
1240 0 0 0 0 0 0 0
1245 0 0 0 1 0 0 0
1250 0 0 0 1 0 0 0
1255 0 0 0 1 0 0 0
1260 0 0 0 1 0 0 0
1265 0 0 0 1 0 0 0
1270 0 0 0 1 0 0 0
1275 0 0 0 1 0 0 0
1280 0 0 0 1 0 0 1
1285 0 0 0 1 0 0 1
1290 0 0 0 1 0 0 1
1295 0 0 0 1 0 0 1
1300 0 0 0 0 0 0 1
1305 0 0 0 0 0 0 0
1310 0 0 0 0 0 0 0
1315 0 0 0 0 0 0 0
1320 0 0 0 1 0 0 0
1325 0 0 0 1 0 0 0
1330 0 0 0 1 0 0 0
1335 0 0 0 1 0 0 0
1340 0 0 0 1 0 0 0
1345 0 0 0 1 0 0 0
1350 0 0 0 1 0 0 0
1355 0 0 0 1 0 0 0
1360 0 0 0 1 0 0 0
1365 0 0 0 1 0 0 0
1370 0 0 0 1 0 0 0
1375 0 0 0 0 0 0 0
1380 0 0 0 0 0 0 0
1385 0 0 0 0 0 0 0
1390 0 0 0 0 0 0 0
1395 0 0 0 0 0 0 0
1400 0 0 0 0 0 0 0
1405 0 0 0 0 0 0 0
1410 0 0 0 0 0 0 0
1415 0 0 0 0 0 0 1
1420 0 0 0 0 0 0 1
1425 0 0 0 0 0 0 0
1430 0 0 0 0 0 0 0
1435 0 0 0 0 0 0 0
1440 0 0 0 0 0 0 0
1445 0 0 0 0 0 0 0
1450 0 0 0 0 0 0 0
1455 0 0 0 0 0 0 0
1460 0 0 0 1 0 0 0
1465 0 0 0 1 0 0 0
1470 0 0 0 1 0 0 0
1475 0 0 0 1 0 0 0
1480 0 0 0 1 0 0 0
1485 0 0 0 1 0 0 0
1490 0 0 0 1 0 0 0
1495 0 0 0 1 0 0 0
1500 0 0 0 1 0 0 0
1505 0 0 0 1 0 0 0
1510 0 0 0 1 0 0 1
1515 0 0 0 0 0 0 1
1520 0 0 0 0 0 0 0
1525 0 0 0 0 0 0 0
1530 0 0 0 0 0 0 0
1535 0 0 0 0 0 0 0
1540 0 0 0 1 0 0 0
1545 0 0 0 1 0 0 0
1550 0 0 0 1 0 0 0
1555 0 0 1 0 1 0 1
1560 0 0 1 0 1 0 1
1565 0 0 1 0 3 0 1
1570 0 0 1 0 3 0 1
1575 0 0 1 0 3 0 1
1580 0 0 1 0 3 0 1
1585 0 0 1 0 3 0 1
1590 0 0 1 0 3 0 1
1595 0 0 1 0 3 0 1
1600 0 0 1 0 3 0 1
1605 0 0 1 0 3 0 1
1610 0 0 1 0 3 0 1
1615 0 0 1 0 3 0 1
1620 0 0 1 0 3 0 1
1625 0 0 1 0 3 0 1
1630 0 0 1 0 4 0 1
1635 0 0 1 0 4 0 1
1640 0 0 0 1 4 0 0
1645 0 0 0 1 4 0 0
1650 0 0 0 0 0 0 0
1655 0 0 0 0 0 0 0
1660 0 0 0 0 0 0 0
1665 0 0 0 0 0 0 0
1670 0 0 0 0 0 0 0
1675 0 0 0 0 0 0 0
1680 0 0 0 0 0 0 0
1685 0 0 0 0 0 0 0
1690 0 0 0 0 0 0 0
1695 0 0 0 0 0 0 0
1700 0 0 0 1 0 0 0
1705 0 0 0 1 0 0 0
1710 0 0 0 1 0 0 0
1715 0 0 0 1 0 0 1
1720 0 0 0 0 0 0 1
1725 0 0 0 0 0 0 0
1730 0 0 0 0 0 0 0
1735 0 0 0 0 0 0 0
1740 0 0 0 0 0 0 0
1745 0 0 0 1 0 0 0
1750 0 0 0 1 0 0 0
1755 0 0 0 1 0 0 1
1760 0 0 0 0 0 0 1
1765 0 0 0 0 0 0 0
1770 0 0 0 0 0 0 0
1775 0 0 0 0 0 0 1
1780 0 0 0 0 0 0 1
1785 0 0 0 0 0 0 1
1790 0 0 0 0 0 0 1
1795 0 0 0 0 0 0 1
1800 0 0 0 0 0 0 1
1805 0 0 0 0 0 0 1
1810 0 0 0 0 0 0 1
1815 0 0 0 0 0 0 1
1820 0 1 0 0 0 0 1
1825 0 1 0 0 0 0 1
1830 0 1 0 0 0 0 1
1835 0 1 0 0 0 0 1
1840 0 1 0 0 0 0 1
1845 0 0 0 0 0 0 1
1850 0 0 0 0 0 0 1
1855 0 0 0 0 0 0 0
1860 0 0 0 0 0 0 0
1865 0 0 0 0 0 0 0
1870 0 0 0 0 0 0 0
1875 0 0 0 1 0 0 0
1880 0 0 0 1 0 0 0
1885 0 0 0 1 0 0 0
1890 0 0 0 1 0 0 0
1895 0 0 1 0 1 0 1
1900 0 0 1 0 2 0 1
1905 0 0 1 0 2 0 1
1910 0 0 1 0 2 0 1
1915 0 0 1 0 2 0 1
1920 0 1 1 0 2 0 1
1925 0 1 1 0 2 0 1
1930 0 1 1 0 2 0 1
1935 0 1 1 0 2 0 1
1940 0 1 1 0 2 0 1
1945 0 1 1 0 2 0 1
1950 0 1 1 0 2 0 1
1955 0 1 1 0 2 0 1
1960 0 1 1 0 2 0 1
1965 0 0 1 0 3 0 1
1970 0 0 1 0 3 0 1
1975 0 0 1 0 3 0 1
1980 0 0 1 0 3 0 1
1985 0 0 1 0 3 0 1
1990 0 0 1 0 3 0 1
1995 0 0 1 0 3 0 1
2000 0 0 1 0 3 0 1
2005 0 0 1 0 3 0 1
2010 0 0 1 0 3 0 1
2015 0 0 1 0 3 0 1
2020 0 0 1 0 3 0 1
2025 0 0 1 0 3 0 1
2030 0 0 1 0 3 0 1
2035 0 0 1 0 3 0 1
2040 0 0 1 0 3 0 1
2045 0 0 1 0 3 0 1
2050 0 0 1 0 3 0 1
2055 0 0 1 0 3 0 1
2060 0 0 1 0 3 0 1
2065 0 0 1 0 3 0 1
2070 0 0 1 0 3 0 1
2075 0 0 1 0 3 0 1
2080 0 0 1 0 3 0 1
2085 0 0 1 0 3 0 1
2090 0 0 1 0 3 0 1
2095 0 0 1 0 3 0 1
2100 0 0 1 0 3 0 1
2105 0 0 1 0 3 0 1
2110 0 0 1 0 3 0 1
2115 0 0 1 0 4 0 1
2120 0 0 0 1 4 0 0
2125 0 0 0 1 4 0 0
2130 0 0 0 1 4 0 0
2135 0 0 0 0 0 0 0
2140 0 0 0 0 0 0 0
2145 0 0 0 0 0 0 0
2150 0 0 0 0 0 0 0
2155 0 0 0 0 0 0 0
2160 0 0 0 0 0 0 0
2165 0 0 0 0 0 0 0
2170 0 0 0 0 0 0 0
2175 0 0 0 0 0 0 0
2180 0 0 0 0 0 0 0
2185 0 0 0 0 0 0 0
2190 0 0 0 0 0 0 0
2195 0 0 0 0 0 0 0
2200 0 0 0 0 0 0 0
2205 0 0 0 0 0 0 0
2210 0 0 0 1 0 0 0
2215 0 0 0 1 0 0 0
2220 0 0 0 1 0 0 0
2225 0 0 1 0 1 0 1
2230 0 0 1 0 1 0 1
2235 0 0 1 0 2 0 1
2240 0 0 0 0 0 0 1
2245 0 0 0 0 0 0 1
2250 0 0 0 0 0 0 0
2255 0 0 0 0 0 0 0
2260 0 0 0 0 0 0 0
2265 0 0 0 0 0 0 0
2270 0 0 0 0 0 0 0
2275 0 0 0 0 0 0 0
2280 0 0 0 1 0 0 0
2285 0 0 0 1 0 0 0
2290 0 0 1 0 1 0 1
2295 0 0 1 0 1 0 1
2300 0 0 1 0 2 0 1
2305 0 0 1 0 2 0 1
2310 0 0 1 0 3 0 1
2315 0 0 1 0 3 0 1
2320 0 0 1 0 3 0 1
2325 0 0 1 0 3 0 1
2330 0 0 1 0 3 0 1
2335 0 0 1 0 3 0 1
2340 0 0 1 0 3 0 1
2345 0 0 1 0 3 0 1
2350 0 0 1 0 3 0 1
2355 0 0 1 0 3 0 1
2360 0 0 1 0 3 0 1
2365 0 0 1 0 3 0 1
2370 0 0 1 0 3 0 1
2375 0 0 1 0 3 0 1
2380 0 0 1 0 3 0 1
2385 0 0 1 0 3 0 1
2390 0 0 1 0 3 0 1
2395 0 0 1 0 3 0 1
2400 0 0 1 0 3 0 1
2405 0 0 1 0 3 0 1
2410 0 0 0 1 4 0 0
2415 0 0 0 0 0 0 0
2420 0 0 0 0 0 0 0
2425 0 0 0 0 0 0 0
2430 0 0 0 0 0 0 0
2435 0 0 0 0 0 0 0
2440 0 0 0 0 0 0 0
2445 0 0 0 0 0 0 0
2450 0 0 0 0 0 0 0
2455 0 0 0 0 0 0 0
2460 0 0 0 0 0 0 0
2465 0 0 0 0 0 0 0
2470 0 0 0 0 0 0 0
2475 0 0 0 0 0 0 0
2480 0 0 0 0 0 0 0
2485 0 0 0 0 0 0 0
2490 0 0 0 0 0 0 0
2495 0 0 0 0 0 0 0
2500 0 0 0 0 0 0 0
2505 0 0 0 0 0 0 0
2510 0 0 0 0 0 0 0
2515 0 0 0 1 0 0 0
2520 0 0 0 0 0 0 0
2525 0 0 0 1 0 0 0
2530 0 0 0 1 0 0 0
2535 0 0 1 0 1 0 1
2540 0 0 1 0 1 0 1
2545 0 0 1 0 3 0 1
2550 0 0 1 0 3 0 1
2555 0 0 1 0 3 0 1
2560 0 0 1 0 3 0 1
2565 0 0 1 0 3 0 1
2570 0 0 1 0 3 0 1
2575 0 0 1 0 3 0 1
2580 0 0 1 0 3 0 1
2585 0 0 1 0 3 0 1
2590 0 0 1 0 3 0 1
2595 0 0 1 0 3 0 1
2600 0 0 1 0 3 0 1
2605 0 0 1 0 3 0 1
2610 0 0 1 0 3 0 1
2615 0 0 1 0 3 0 1
2620 0 0 1 0 3 0 1
2625 0 0 1 0 3 0 1
2630 0 0 1 0 3 0 1
2635 0 0 1 0 3 0 1
2640 0 0 1 0 3 0 1
2645 0 0 1 0 3 0 1
2650 0 0 1 0 3 0 1
2655 0 0 1 0 3 0 1
2660 0 0 1 0 3 0 1
2665 0 0 1 0 3 0 1
2670 0 0 1 0 3 0 1
2675 0 0 1 0 3 0 1
2680 0 0 1 0 3 0 1
2685 0 0 1 0 3 0 1
2690 0 0 1 0 3 0 1
2695 0 0 1 0 3 0 1
2700 0 0 1 0 4 0 1
2705 0 0 1 0 4 0 1
2710 0 0 1 0 4 0 1
2715 0 0 0 1 4 0 0
2720 0 0 0 1 4 0 0
2725 0 0 0 1 4 0 0
2730 0 0 0 1 4 0 0
2735 0 0 0 1 4 0 0
2740 0 0 0 0 0 0 0
2745 0 0 0 0 0 0 0
2750 0 0 0 0 0 0 0
2755 0 0 0 0 0 0 0
2760 0 0 0 0 0 0 0
2765 0 0 0 0 0 0 0
2770 0 0 0 0 0 0 0
2775 0 0 0 0 0 0 0
2780 0 0 0 0 0 0 0
2785 0 0 0 0 0 0 0
2790 0 0 0 0 0 0 0
2795 0 0 0 0 0 0 0
2800 0 0 0 0 0 0 0
2805 0 0 0 0 0 0 0
2810 0 0 0 0 0 0 0
2815 0 0 0 0 0 0 0
2820 0 0 0 0 0 0 0
2825 0 0 0 0 0 0 0
2830 0 0 0 0 0 0 0
2835 0 0 0 0 0 0 0
2840 0 0 0 0 0 0 0
2845 0 0 0 0 0 0 0
2850 0 0 0 0 0 0 0
2855 0 0 0 0 0 0 0
2860 0 0 0 0 0 0 0
2865 0 0 0 0 0 0 0
2870 0 0 0 0 0 0 0
2875 0 0 0 0 0 0 0
2880 0 0 0 0 0 0 0
2885 0 0 0 0 0 0 0
2890 0 0 0 0 0 0 0
