0 0 0 0 0 0 0 0
5 0 0 0 0 0 0 0
10 0 0 0 0 0 0 0
15 0 0 0 0 0 0 0
20 0 0 0 0 0 0 0
25 0 1 0 0 0 0 0
30 0 1 0 0 0 0 0
35 1 0 0 0 1 1 0
40 1 0 0 0 1 1 0
45 1 0 0 0 2 1 0
50 1 0 0 0 2 1 0
55 1 0 0 0 2 1 0
60 1 0 0 0 2 1 0
65 1 0 0 0 2 1 0
70 1 0 0 0 2 1 0
75 1 0 0 0 2 1 0
80 1 0 0 0 2 1 0
85 1 0 0 1 2 1 0
90 1 0 0 1 2 1 0
95 1 0 0 1 2 1 0
100 1 0 0 1 2 1 0
105 1 0 0 1 2 1 0
110 1 0 0 0 2 1 0
115 1 0 0 0 2 1 0
120 1 0 0 0 2 1 0
125 1 0 0 0 2 1 0
130 1 0 0 0 2 1 0
135 1 0 0 0 2 1 0
140 1 0 0 0 2 1 0
145 1 0 0 0 2 1 0
150 1 0 0 1 2 1 0
155 1 0 0 1 2 1 0
160 1 0 0 1 2 1 0
165 1 0 0 0 3 1 0
170 1 0 0 0 3 1 0
175 1 0 0 0 3 1 0
180 1 0 0 0 3 1 0
185 1 0 0 0 3 1 0
190 1 0 0 0 3 1 0
195 1 0 0 0 3 1 0
200 1 0 0 0 3 1 0
205 1 0 0 0 3 1 0
210 1 0 0 0 3 1 0
215 1 0 0 0 3 1 0
220 1 0 0 0 3 1 0
225 1 0 0 0 3 1 0
230 1 0 0 0 3 1 0
235 1 0 0 0 3 1 0
240 1 0 0 0 3 1 0
245 1 0 0 0 3 1 0
250 1 0 0 0 3 1 0
255 1 0 0 0 3 1 0
260 1 0 0 0 3 1 0
265 1 0 0 0 3 1 0
270 1 0 0 0 3 1 0
275 1 0 0 0 3 1 0
280 1 0 0 0 3 1 0
285 1 0 0 0 4 1 0
290 1 0 0 0 4 1 0
295 1 0 0 0 4 1 0
300 1 0 0 0 3 1 0
305 1 0 0 0 4 1 0
310 1 0 0 0 4 1 0
315 0 1 0 0 4 0 0
320 0 0 0 0 0 0 0
325 0 0 0 0 0 0 0
330 0 0 0 0 0 0 0
335 0 0 0 0 0 0 0
340 0 0 0 0 0 0 0
345 0 0 0 0 0 0 0
350 0 0 0 0 0 0 0
355 0 0 0 0 0 0 0
360 0 0 0 0 0 0 0
365 0 0 0 0 0 0 0
370 0 0 0 0 0 0 0
375 0 0 0 0 0 0 0
380 0 0 0 0 0 0 0
385 0 0 0 0 0 0 0
390 0 0 0 0 0 0 0
395 0 0 0 0 0 0 0
400 0 0 0 0 0 0 0
405 0 0 0 0 0 0 0
410 0 0 0 0 0 0 0
415 0 0 0 0 0 0 0
420 0 0 0 0 0 0 0
425 0 1 0 0 0 0 0
430 1 0 0 0 1 1 0
435 1 0 0 0 1 1 0
440 1 0 0 0 2 1 0
445 1 0 0 0 2 1 0
450 1 0 0 1 2 1 0
455 1 0 0 0 3 1 0
460 1 0 0 0 3 1 0
465 1 0 0 0 3 1 0
470 1 0 0 0 3 1 0
475 1 0 0 0 3 1 0
480 1 0 0 0 3 1 0
485 1 0 0 0 3 1 0
490 1 0 0 0 3 1 0
495 1 0 0 0 4 1 0
500 1 0 0 0 4 1 0
505 1 0 0 0 4 1 0
510 0 1 0 0 4 0 0
515 0 1 0 0 4 0 0
520 0 1 0 0 4 0 0
525 0 0 0 0 0 0 0
530 0 0 0 0 0 0 0
535 0 0 0 0 0 0 0
540 0 0 0 0 0 0 0
545 0 0 0 0 0 0 0
550 0 0 0 0 0 0 0
555 0 0 0 0 0 0 0
560 0 1 0 0 0 0 0
565 0 1 0 0 0 0 0
570 0 0 0 0 0 0 0
575 0 1 0 0 0 0 0
580 0 1 0 0 0 0 0
585 0 1 0 0 0 0 0
590 1 0 0 0 1 1 0
595 1 0 0 0 1 1 0
600 1 0 0 0 3 1 0
605 1 0 0 0 3 1 0
610 1 0 0 0 3 1 0
615 1 0 0 0 3 1 0
620 1 0 0 0 3 1 0
625 1 0 0 0 3 1 0
630 1 0 0 0 3 1 0
635 1 0 0 0 3 1 0
640 0 1 0 0 4 0 0
645 0 1 0 0 4 0 0
650 0 1 0 0 4 0 0
655 0 0 0 0 0 0 0
660 0 0 0 0 0 0 0
665 0 0 0 0 0 0 0
670 0 0 0 0 0 0 0
675 0 0 0 0 0 0 0
680 0 0 0 0 0 0 0
685 0 0 0 0 0 0 0
690 0 0 0 0 0 0 0
695 0 0 0 0 0 0 0
700 0 0 0 0 0 0 0
705 0 1 0 0 0 0 0
710 1 0 0 0 1 1 0
715 1 0 0 0 1 1 0
720 1 0 0 0 3 1 0
725 1 0 0 0 3 1 0
730 1 0 0 0 3 1 0
735 1 0 0 0 3 1 0
740 1 0 0 0 3 1 0
745 1 0 0 0 3 1 0
750 1 0 0 0 4 1 0
755 0 1 0 0 4 0 0
760 0 1 0 0 4 0 0
765 0 1 0 0 4 0 0
770 0 0 0 0 0 0 0
775 0 0 0 0 0 0 0
780 0 0 0 0 0 0 0
785 0 0 0 0 0 0 0
790 0 0 0 0 0 0 0
795 0 0 0 0 0 0 0
800 0 0 0 0 0 0 0
805 0 1 0 0 0 0 0
810 0 1 0 0 0 0 0
815 0 1 0 0 0 0 0
820 1 0 0 0 1 1 0
825 1 0 0 0 2 1 0
830 1 0 0 0 2 1 0
835 1 0 0 0 2 1 0
840 1 0 0 0 2 1 1
845 1 0 0 0 2 1 1
850 1 0 0 1 2 1 1
855 1 0 0 0 3 1 1
860 1 0 0 0 3 1 1
865 1 0 0 0 3 1 1
870 1 0 0 0 3 1 1
875 1 0 0 0 3 1 1
880 1 0 0 0 3 1 1
885 1 0 0 0 3 1 1
890 1 0 0 0 3 1 1
895 1 0 0 0 3 1 1
900 1 0 0 0 4 1 1
905 1 0 0 0 4 1 1
910 0 1 0 0 4 0 1
915 0 1 0 0 4 0 1
920 0 0 0 0 0 0 1
925 0 0 0 0 0 0 1
930 0 0 0 0 0 0 1
935 0 0 0 0 0 0 1
940 0 0 0 0 0 0 1
945 0 0 0 0 0 0 1
950 0 0 0 0 0 0 1
955 0 0 0 0 0 0 1
960 0 1 0 0 0 0 1
965 1 0 0 0 1 1 1
970 1 0 0 0 1 1 1
975 1 0 0 0 3 1 1
980 1 0 0 0 3 1 1
985 1 0 0 0 3 1 1
990 1 0 0 0 3 1 1
995 1 0 0 0 3 1 1
1000 1 0 0 0 3 1 1
1005 1 0 0 0 3 1 1
1010 1 0 0 0 3 1 1
1015 1 0 0 0 4 1 1
1020 1 0 0 0 4 1 1
1025 1 0 0 0 4 1 1
1030 1 0 0 0 3 1 1
1035 1 0 0 0 3 1 1
1040 1 0 0 0 3 1 1
1045 1 0 0 0 3 1 1
1050 1 0 0 0 4 1 1
1055 1 0 0 0 4 1 1
1060 1 0 0 0 3 1 1
1065 1 0 0 0 3 1 1
1070 1 0 0 0 4 1 1
1075 1 0 0 0 4 1 1
1080 1 0 0 0 4 1 1
1085 1 0 0 0 4 1 1
1090 1 0 0 0 3 1 1
1095 1 0 0 0 3 1 1
1100 1 0 0 0 4 1 1
1105 1 0 0 0 4 1 1
1110 1 0 0 0 3 1 1
1115 1 0 0 0 3 1 1
1120 1 0 0 0 4 1 1
1125 1 0 0 0 4 1 1
1130 1 0 0 0 3 1 1
1135 1 0 0 0 4 1 1
1140 1 0 0 0 3 1 1
1145 1 0 0 0 3 1 1
1150 1 0 0 0 3 1 1
1155 1 0 0 0 3 1 1
1160 1 0 0 0 3 1 1
1165 1 0 0 0 3 1 1
1170 1 0 0 0 3 1 1
1175 1 0 0 0 3 1 1
1180 1 0 0 0 4 1 1
1185 1 0 0 0 4 1 1
1190 1 0 0 0 4 1 1
1195 0 1 0 0 4 0 1
1200 0 1 0 0 4 0 1
1205 0 1 0 0 4 0 1
1210 0 1 0 0 4 0 1
1215 0 1 0 0 4 0 1
1220 0 1 0 1 4 0 1
1225 0 0 0 1 4 0 1
1230 0 0 0 1 4 0 1
1235 0 0 0 1 4 0 1
1240 0 0 0 1 4 0 1
1245 0 0 0 0 0 0 1
1250 0 0 0 0 0 0 1
1255 0 0 0 0 0 0 1
1260 0 0 0 0 0 0 1
1265 0 0 0 0 0 0 1
1270 0 0 0 0 0 0 1
1275 0 0 0 0 0 0 1
1280 0 0 0 0 0 0 0
1285 0 0 0 0 0 0 0
1290 0 1 0 0 0 0 0
1295 1 0 0 0 1 1 0
1300 1 0 0 0 1 1 0
1305 1 0 0 0 3 1 0
1310 1 0 0 0 3 1 0
1315 1 0 0 0 3 1 0
1320 1 0 0 0 3 1 0
1325 1 0 0 0 3 1 0
1330 1 0 0 0 3 1 0
1335 1 0 0 0 3 1 0
1340 1 0 0 0 4 1 0
1345 1 0 0 0 4 1 0
1350 0 1 0 0 4 0 0
1355 0 0 0 0 0 0 0
1360 0 0 0 0 0 0 0
1365 0 0 0 0 0 0 0
1370 0 0 0 0 0 0 0
1375 0 0 0 0 0 0 0
1380 0 0 0 0 0 0 0
1385 0 0 0 0 0 0 0
1390 0 0 0 0 0 0 0
1395 0 0 0 0 0 0 0
1400 0 0 0 0 0 0 0
1405 0 0 0 0 0 0 0
1410 0 0 0 0 0 0 0
1415 0 0 0 0 0 0 0
1420 0 0 0 0 0 0 0
1425 0 0 0 0 0 0 0
1430 0 0 0 0 0 0 0
1435 0 0 0 0 0 0 0
1440 0 0 0 0 0 0 0
1445 0 0 0 0 0 0 0
1450 0 0 0 0 0 0 0
1455 0 0 0 0 0 0 0
1460 0 0 0 0 0 0 0
