0 0 0 0 0 0 0 0
5 0 0 0 0 0 0 0
10 0 0 0 0 0 0 0
15 0 0 0 0 0 0 0
20 0 0 0 0 0 0 0
25 0 0 0 0 0 0 0
30 0 0 0 0 0 0 0
35 0 0 0 0 0 0 0
40 0 0 0 0 0 0 0
45 0 0 0 0 0 0 0
50 0 0 0 0 0 0 0
55 0 0 0 0 0 0 0
60 0 0 0 0 0 0 0
65 0 0 0 0 0 0 0
70 0 0 0 0 0 0 0
75 0 0 0 0 0 0 0
80 0 0 0 0 0 0 0
85 0 1 0 0 0 0 0
90 0 1 0 0 0 0 0
95 0 1 0 0 0 0 0
100 0 1 0 0 0 1 0
105 0 0 0 0 0 1 0
110 0 0 0 0 0 0 0
115 0 0 0 0 0 0 0
120 0 0 0 0 0 0 0
125 0 0 0 0 0 0 0
130 0 1 0 0 0 0 0
135 0 1 0 0 0 0 0
140 1 0 0 0 1 1 0
145 1 0 0 0 1 1 0
150 1 0 0 0 1 1 0
155 0 0 0 0 0 1 0
160 0 0 0 0 0 1 0
165 0 0 0 0 0 0 0
170 0 0 0 0 0 0 0
175 0 0 0 0 0 0 0
180 0 0 0 0 0 0 0
185 0 0 0 0 0 0 0
190 0 0 0 0 0 0 0
195 0 0 0 0 0 0 0
200 0 0 0 0 0 0 0
205 0 0 0 0 0 0 0
210 0 0 0 0 0 0 0
215 0 1 0 0 0 0 0
220 0 1 0 0 0 0 0
225 0 1 0 0 0 0 0
230 1 0 0 0 1 1 0
235 1 0 0 0 1 1 0
240 1 0 0 0 2 1 0
245 1 0 0 0 2 1 0
250 1 0 0 0 2 1 0
255 1 0 0 1 2 1 0
260 0 0 0 0 0 0 0
265 0 0 0 0 0 0 0
270 0 0 0 0 0 0 0
275 0 1 0 0 0 0 0
280 0 1 0 0 0 0 0
285 0 1 0 0 0 0 0
290 0 1 0 0 0 0 0
295 0 1 0 0 0 0 0
300 1 0 0 0 1 1 0
305 1 0 0 0 1 1 0
310 1 0 0 0 2 1 0
315 1 0 0 0 2 1 0
320 1 0 0 0 2 1 0
325 1 0 0 0 2 1 0
330 1 0 0 0 3 1 0
335 1 0 0 0 3 1 0
340 1 0 0 0 3 1 0
345 1 0 0 0 3 1 0
350 1 0 0 0 3 1 0
355 1 0 0 0 3 1 0
360 1 0 0 0 3 1 0
365 1 0 0 0 3 1 0
370 1 0 0 0 3 1 0
375 1 0 0 0 3 1 0
380 1 0 0 0 3 1 0
385 1 0 0 0 3 1 0
390 1 0 0 0 3 1 0
395 1 0 0 0 3 1 0
400 1 0 0 0 3 1 0
405 1 0 0 0 3 1 0
410 1 0 0 0 3 1 0
415 1 0 0 0 3 1 0
420 1 0 0 0 3 1 0
425 1 0 0 0 3 1 0
430 1 0 0 0 3 1 0
435 1 0 0 0 3 1 0
440 1 0 0 0 3 1 0
445 1 0 0 0 3 1 0
450 1 0 0 0 3 1 0
455 1 0 0 0 3 1 0
460 1 0 0 0 3 1 0
465 1 0 0 0 3 1 0
470 1 0 0 0 3 1 0
475 1 0 0 0 3 1 0
480 1 0 0 0 3 1 0
485 1 0 0 0 3 1 0
490 1 0 0 0 3 1 0
495 1 0 0 0 3 1 0
500 1 0 0 0 3 1 0
505 1 0 0 0 3 1 0
510 1 0 0 0 3 1 0
515 1 0 0 0 3 1 0
520 1 0 0 0 3 1 0
525 1 0 0 0 3 1 0
530 1 0 0 0 3 1 0
535 1 0 0 0 4 1 0
540 1 0 0 0 4 1 0
545 1 0 0 0 4 1 0
550 1 0 0 0 4 1 0
555 1 0 0 0 4 1 0
560 1 0 0 0 4 1 0
565 1 0 0 0 4 1 0
570 1 0 0 0 4 1 0
575 1 0 0 0 3 1 0
580 1 0 0 0 3 1 0
585 1 0 0 0 3 1 0
590 1 0 0 0 4 1 0
595 1 0 0 0 4 1 0
600 1 0 0 0 4 1 0
605 1 0 0 0 4 1 0
610 1 0 0 0 4 1 0
615 1 0 0 0 4 1 0
620 1 0 0 0 4 1 0
625 1 0 0 0 4 1 0
630 0 1 0 0 4 0 0
635 0 1 0 0 4 0 0
640 0 1 0 0 4 0 0
645 0 0 0 0 0 0 0
650 0 0 0 0 0 0 0
655 0 0 0 0 0 0 0
660 0 0 0 0 0 0 0
665 0 0 0 0 0 0 0
670 0 0 0 0 0 0 0
675 0 0 0 0 0 0 0
680 0 0 0 0 0 0 0
685 0 0 0 0 0 0 0
690 0 0 0 0 0 0 0
695 0 0 0 0 0 0 0
700 0 0 0 0 0 0 0
705 0 0 0 0 0 0 0
710 0 0 0 0 0 0 0
715 0 1 0 0 0 0 0
720 1 0 0 0 1 1 0
725 1 0 0 0 3 1 0
730 1 0 0 0 3 1 0
735 1 0 0 0 3 1 0
740 1 0 0 0 3 1 0
745 1 0 0 0 3 1 0
750 1 0 0 0 3 1 0
755 1 0 0 0 3 1 0
760 1 0 0 0 3 1 0
765 1 0 0 0 3 1 0
770 1 0 0 0 3 1 0
775 1 0 0 0 3 1 0
780 1 0 0 0 3 1 0
785 1 0 0 0 3 1 0
790 1 0 0 0 3 1 0
795 1 0 0 0 3 1 0
800 1 0 0 0 3 1 0
805 1 0 0 0 3 1 0
810 1 0 0 0 3 1 0
815 1 0 0 0 3 1 0
820 1 0 0 0 3 1 0
825 1 0 0 0 3 1 0
830 1 0 0 0 3 1 0
835 1 0 0 0 3 1 0
840 1 0 0 0 3 1 0
845 1 0 0 0 3 1 0
850 1 0 0 0 3 1 0
855 1 0 0 0 3 1 0
860 1 0 0 0 3 1 0
865 1 0 0 0 3 1 0
870 1 0 0 0 3 1 0
875 1 0 0 0 3 1 0
880 1 0 0 0 3 1 0
885 1 0 0 0 3 1 0
890 1 0 0 0 3 1 0
895 1 0 0 0 3 1 0
900 1 0 0 0 3 1 0
905 1 0 0 0 3 1 0
910 1 0 0 0 3 1 0
915 1 0 0 0 3 1 0
920 1 0 0 0 3 1 0
925 1 0 0 0 3 1 0
930 1 0 0 0 3 1 0
935 1 0 0 0 3 1 0
940 1 0 0 0 3 1 0
945 1 0 0 0 3 1 0
950 1 0 0 0 3 1 0
955 1 0 0 0 3 1 0
960 1 0 0 0 4 1 0
965 1 0 0 0 4 1 0
970 1 0 0 0 4 1 0
975 1 0 0 0 4 1 0
980 1 0 0 0 4 1 0
985 1 0 0 0 4 1 0
990 0 1 0 0 4 0 0
995 0 1 0 0 4 0 0
1000 0 1 0 0 4 0 0
1005 0 1 0 0 4 0 0
1010 0 0 0 0 0 0 0
1015 0 0 0 0 0 0 0
1020 0 0 0 0 0 0 0
1025 0 0 0 0 0 0 0
1030 0 0 0 0 0 0 0
1035 0 0 0 0 0 0 0
1040 0 0 0 0 0 0 0
1045 0 0 0 0 0 0 0
1050 0 0 0 0 0 0 0
1055 0 0 0 0 0 0 0
1060 0 0 0 0 0 0 0
1065 0 0 0 0 0 0 0
1070 0 0 0 0 0 0 0
1075 0 0 0 0 0 0 0
1080 0 0 0 0 0 0 0
1085 0 0 0 0 0 0 0
1090 0 1 0 0 0 0 0
1095 0 1 0 0 0 0 0
1100 0 1 0 0 0 0 0
1105 0 1 0 0 0 0 0
1110 1 0 0 0 1 1 0
1115 1 0 0 0 2 1 0
1120 1 0 0 0 2 1 0
1125 1 0 0 0 2 1 0
1130 1 0 0 0 2 1 0
1135 1 0 0 0 2 1 0
1140 1 0 0 0 2 1 0
1145 1 0 0 1 2 1 0
1150 1 0 0 1 2 1 0
1155 1 0 0 1 2 1 0
1160 1 0 0 1 2 1 0
1165 1 0 0 1 2 1 0
1170 1 0 0 1 2 1 0
1175 1 0 0 1 2 1 0
1180 1 0 0 1 2 1 0
1185 1 0 0 1 2 1 0
1190 1 0 0 1 2 1 0
1195 1 0 0 1 2 1 0
1200 1 0 0 0 3 1 0
1205 1 0 0 0 3 1 0
1210 1 0 0 0 3 1 0
1215 1 0 0 0 3 1 0
1220 1 0 0 0 3 1 0
1225 1 0 0 0 3 1 0
1230 1 0 0 0 3 1 0
1235 1 0 0 0 3 1 0
1240 1 0 0 0 3 1 0
1245 1 0 0 0 3 1 0
1250 1 0 0 0 3 1 0
1255 1 0 0 0 3 1 0
1260 1 0 0 0 3 1 0
1265 1 0 0 0 3 1 0
1270 1 0 0 0 3 1 0
1275 1 0 0 0 3 1 0
1280 1 0 0 0 3 1 0
1285 1 0 0 0 3 1 0
1290 1 0 0 0 3 1 0
1295 1 0 0 0 3 1 0
1300 1 0 0 0 3 1 0
1305 1 0 0 0 3 1 0
1310 1 0 0 0 3 1 0
1315 1 0 0 0 3 1 0
1320 1 0 0 0 3 1 0
1325 1 0 0 0 3 1 0
1330 1 0 0 0 3 1 0
1335 1 0 0 0 3 1 0
1340 1 0 0 0 3 1 0
1345 1 0 0 0 3 1 0
1350 1 0 0 0 3 1 0
1355 1 0 0 0 3 1 0
1360 1 0 0 0 3 1 0
1365 1 0 0 0 3 1 0
1370 1 0 0 0 3 1 0
1375 1 0 0 0 3 1 0
1380 1 0 0 0 3 1 0
1385 1 0 0 0 3 1 0
1390 1 0 0 0 3 1 0
1395 1 0 0 0 3 1 0
1400 1 0 0 0 3 1 0
1405 1 0 0 0 3 1 0
1410 1 0 0 0 3 1 0
1415 1 0 0 0 3 1 0
1420 1 0 0 0 3 1 0
1425 1 0 0 0 3 1 0
1430 1 0 0 0 3 1 0
1435 1 0 0 0 3 1 0
1440 1 0 0 0 3 1 0
1445 1 0 0 0 3 1 0
1450 1 0 0 0 3 1 0
1455 1 0 0 0 3 1 0
1460 1 0 0 0 3 1 0
1465 1 0 0 0 3 1 0
1470 1 0 0 0 3 1 0
1475 1 0 0 0 3 1 0
1480 1 0 0 0 3 1 0
1485 1 0 0 0 3 1 0
1490 1 0 0 0 3 1 0
1495 1 0 0 0 3 1 0
1500 1 0 0 0 3 1 0
1505 1 0 0 0 3 1 0
1510 1 0 0 0 3 1 0
1515 1 0 0 0 3 1 0
1520 1 0 0 0 3 1 0
1525 1 0 0 0 3 1 0
1530 1 0 0 0 3 1 0
1535 1 0 0 0 3 1 0
1540 1 0 0 0 3 1 0
1545 1 0 0 0 3 1 0
1550 1 0 0 0 3 1 0
1555 1 0 0 0 3 1 0
1560 1 0 0 0 3 1 0
1565 1 0 0 0 3 1 0
1570 1 0 0 0 3 1 0
1575 1 0 0 0 3 1 0
1580 1 0 0 0 3 1 0
1585 1 0 0 0 3 1 0
1590 1 0 0 0 3 1 0
1595 1 0 0 0 3 1 0
1600 1 0 0 0 3 1 0
1605 1 0 0 0 3 1 0
1610 1 0 0 0 3 1 0
1615 1 0 0 0 3 1 0
1620 1 0 0 0 3 1 0
1625 1 0 0 0 3 1 0
1630 1 0 0 0 3 1 0
1635 1 0 0 0 3 1 0
1640 1 0 0 0 3 1 0
1645 1 0 0 0 3 1 0
1650 1 0 0 0 3 1 0
1655 1 0 0 0 3 1 0
1660 1 0 0 0 3 1 0
1665 1 0 0 0 3 1 0
1670 1 0 0 0 3 1 0
1675 1 0 0 0 3 1 0
1680 1 0 0 0 3 1 0
1685 1 0 0 0 3 1 0
1690 1 0 0 0 3 1 0
1695 1 0 0 0 3 1 0
1700 1 0 0 0 3 1 0
1705 1 0 0 0 3 1 0
1710 1 0 0 0 3 1 0
1715 1 0 0 0 3 1 0
1720 1 0 0 0 4 1 0
1725 1 0 0 0 4 1 0
1730 1 0 0 0 4 1 0
1735 1 0 0 0 4 1 0
1740 1 0 0 0 4 1 0
1745 1 0 0 0 4 1 0
1750 1 0 0 0 4 1 0
1755 1 0 0 0 4 1 0
1760 1 0 0 0 4 1 0
1765 1 0 0 0 4 1 0
1770 1 0 0 0 4 1 0
1775 1 0 0 0 4 1 0
1780 0 1 0 0 4 0 0
1785 0 0 0 0 0 0 0
1790 0 0 0 0 0 0 0
1795 0 0 0 0 0 0 0
1800 0 0 0 0 0 0 0
1805 0 0 0 0 0 0 0
1810 0 0 0 0 0 0 0
1815 0 0 0 0 0 0 0
1820 0 0 0 0 0 0 0
1825 0 0 0 0 0 0 0
1830 0 0 0 0 0 0 0
1835 0 0 0 0 0 0 0
1840 0 0 0 0 0 0 0
1845 0 0 0 0 0 0 0
1850 0 0 0 0 0 0 0
1855 0 0 0 0 0 0 0
1860 0 0 0 0 0 0 0
1865 0 0 0 0 0 0 0
1870 0 1 0 0 0 0 0
1875 0 1 0 0 0 0 0
1880 0 1 0 0 0 0 0
1885 0 1 0 0 0 0 0
1890 1 0 0 0 1 1 0
1895 1 0 0 0 1 1 0
1900 1 0 0 0 1 1 0
1905 1 0 0 0 3 1 0
1910 1 0 0 0 3 1 0
1915 1 0 0 0 3 1 0
1920 1 0 0 0 3 1 0
1925 1 0 0 0 3 1 0
1930 1 0 0 0 3 1 0
1935 1 0 0 0 3 1 0
1940 1 0 0 0 3 1 0
1945 1 0 0 0 3 1 0
1950 1 0 0 0 3 1 0
1955 1 0 0 0 3 1 0
1960 1 0 0 0 3 1 0
1965 1 0 0 0 3 1 0
1970 1 0 0 0 4 1 0
1975 1 0 0 0 4 1 0
1980 1 0 0 0 4 1 0
1985 1 0 0 0 4 1 0
1990 1 0 0 0 4 1 0
1995 1 0 0 0 4 1 0
2000 0 1 0 0 4 0 0
2005 0 0 0 0 0 0 0
2010 0 0 0 0 0 0 0
2015 0 0 0 0 0 0 0
2020 0 0 0 0 0 0 0
2025 0 0 0 0 0 0 0
2030 0 0 0 0 0 0 0
2035 0 0 0 0 0 0 0
2040 0 0 0 0 0 0 0
2045 0 0 0 0 0 0 0
2050 0 0 0 0 0 0 0
2055 0 0 0 0 0 0 0
2060 0 0 0 0 0 0 0
2065 0 0 0 0 0 0 0
2070 0 0 0 0 0 0 0
2075 0 0 0 0 0 0 0
2080 0 0 0 0 0 0 0
2085 0 0 0 0 0 0 0
2090 0 0 0 0 0 0 0
2095 0 0 0 0 0 0 0
2100 0 0 0 0 0 0 0
2105 0 0 0 0 0 0 0
2110 0 0 0 0 0 0 0
2115 0 0 0 0 0 0 0
2120 0 0 0 0 0 0 0
2125 0 0 0 0 0 0 0
2130 0 0 0 0 0 0 0
2135 0 0 0 0 0 0 0
2140 0 0 0 0 0 0 0
2145 0 0 0 0 0 0 0
2150 1 0 0 0 1 1 0
2155 1 0 0 0 1 1 0
2160 1 0 0 0 2 1 0
2165 1 0 0 0 2 1 0
2170 1 0 0 0 2 1 0
2175 1 0 0 0 2 1 0
2180 1 0 0 0 2 1 0
2185 1 0 0 0 2 1 0
2190 1 0 0 1 2 1 0
2195 1 0 0 0 2 1 0
2200 1 0 0 0 2 1 0
2205 1 0 0 1 2 1 0
2210 1 0 0 1 2 1 0
2215 1 0 0 0 3 1 0
2220 1 0 0 0 3 1 0
2225 1 0 0 0 3 1 0
2230 1 0 0 0 3 1 0
2235 1 0 0 0 3 1 0
2240 1 0 0 0 3 1 0
2245 1 0 0 0 3 1 0
2250 1 0 0 0 3 1 0
2255 1 0 0 0 3 1 0
2260 1 0 0 0 3 1 0
2265 1 0 0 0 3 1 0
2270 1 0 0 0 3 1 0
2275 1 0 0 0 3 1 0
2280 1 0 0 0 3 1 0
2285 1 0 0 0 3 1 0
2290 1 0 0 0 3 1 0
2295 1 0 0 0 3 1 0
2300 1 0 0 0 3 1 0
2305 1 0 0 0 3 1 0
2310 1 0 0 0 3 1 0
2315 1 0 0 0 3 1 0
2320 1 0 0 0 3 1 0
2325 1 0 0 0 3 1 0
2330 1 0 0 0 4 1 0
2335 1 0 0 0 4 1 0
2340 1 0 0 0 4 1 0
2345 1 0 0 0 4 1 0
2350 1 0 0 0 4 1 0
2355 0 1 0 0 4 0 0
2360 0 1 0 0 4 0 0
2365 0 1 0 0 4 0 0
2370 0 1 0 0 4 0 0
2375 0 1 0 0 4 0 0
2380 0 1 0 0 4 0 0
2385 0 1 0 0 4 0 0
2390 0 1 0 0 4 0 0
2395 0 1 0 0 4 0 0
2400 0 0 0 0 0 0 0
2405 0 0 0 0 0 0 0
2410 0 0 0 0 0 0 0
2415 0 0 0 0 0 0 0
2420 0 0 0 0 0 0 0
2425 0 0 0 0 0 0 0
2430 0 0 0 0 0 0 0
2435 0 0 0 0 0 0 0
2440 0 0 0 0 0 0 0
2445 0 0 0 0 0 0 0
2450 0 0 0 0 0 0 0
2455 0 0 0 0 0 0 0
2460 0 0 0 0 0 0 0
2465 0 1 0 0 0 0 0
2470 0 1 0 0 0 0 0
2475 1 0 0 0 1 1 0
2480 1 0 0 0 2 1 0
2485 1 0 0 0 2 1 0
2490 1 0 0 0 2 1 0
2495 1 0 0 1 2 1 0
2500 1 0 0 0 3 1 0
2505 1 0 0 0 3 1 0
2510 1 0 0 0 3 1 0
2515 1 0 0 0 3 1 0
2520 1 0 0 0 3 1 0
2525 1 0 0 0 3 1 0
2530 1 0 0 0 3 1 0
2535 1 0 0 0 3 1 0
2540 1 0 0 0 3 1 0
2545 1 0 0 0 3 1 0
2550 1 0 0 0 3 1 0
2555 1 0 0 0 4 1 0
2560 1 0 0 0 4 1 0
2565 1 0 0 0 4 1 0
2570 0 1 0 0 4 0 0
2575 0 1 0 0 4 0 0
2580 0 0 0 0 0 0 0
2585 0 0 0 0 0 0 0
2590 0 0 0 0 0 0 0
2595 0 0 0 0 0 0 0
2600 0 0 0 0 0 0 0
2605 0 0 0 0 0 0 0
2610 0 0 0 0 0 0 0
2615 0 0 0 0 0 0 0
2620 0 0 0 0 0 0 0
2625 0 0 0 0 0 0 0
2630 0 0 0 0 0 0 0
2635 0 1 0 0 0 0 0
2640 0 0 0 0 0 0 0
2645 0 0 0 0 0 0 0
2650 0 0 0 0 0 0 0
2655 0 0 0 0 0 0 0
2660 0 1 0 0 0 0 0
2665 0 1 0 0 0 0 0
2670 0 0 0 0 0 0 0
2675 0 0 0 0 0 0 0
2680 0 0 0 0 0 0 0
2685 0 1 0 0 0 0 0
2690 0 1 0 0 0 0 0
2695 0 1 0 0 0 0 0
2700 0 0 0 0 0 0 0
2705 0 0 0 0 0 0 0
2710 0 0 0 0 0 0 0
2715 0 0 0 0 0 0 0
2720 0 0 0 0 0 0 0
2725 0 0 0 0 0 0 0
2730 0 1 0 0 0 0 0
2735 0 0 0 0 0 0 0
2740 0 0 0 0 0 0 0
2745 0 0 0 0 0 0 0
2750 0 0 0 0 0 0 0
2755 0 0 0 0 0 0 0
2760 0 0 0 0 0 0 0
2765 0 0 0 0 0 0 0
2770 0 0 0 0 0 0 0
2775 0 1 0 0 0 0 0
2780 1 0 0 0 1 1 0
2785 1 0 0 0 1 1 0
2790 1 0 0 0 1 1 0
2795 1 0 0 0 3 1 0
2800 1 0 0 0 3 1 0
2805 1 0 0 0 3 1 0
2810 1 0 0 0 3 1 0
2815 1 0 0 0 3 1 0
2820 1 0 0 0 3 1 0
2825 1 0 0 0 3 1 0
2830 1 0 0 0 3 1 0
2835 1 0 0 0 4 1 0
2840 1 0 0 0 4 1 0
2845 1 0 0 0 4 1 0
2850 0 1 0 0 4 0 0
2855 0 1 0 0 4 0 0
2860 0 1 0 0 4 0 0
2865 0 0 0 0 0 0 0
2870 0 0 0 0 0 0 0
2875 0 0 0 0 0 0 0
2880 0 0 0 0 0 0 0
2885 0 0 0 0 0 0 0
2890 0 0 0 0 0 0 0
2895 0 0 0 0 0 0 0
2900 0 0 0 0 0 0 0
2905 0 0 0 0 0 0 0
2910 0 0 0 0 0 0 0
2915 0 0 0 0 0 0 0
2920 0 0 0 0 0 0 0
2925 0 0 0 0 0 0 0
2930 0 0 0 0 0 0 0
2935 0 0 0 0 0 0 0
2940 0 0 0 0 0 0 0
2945 0 0 0 0 0 0 0
2950 0 0 0 0 0 0 0
2955 0 0 0 0 0 0 0
2960 0 0 0 0 0 0 0
2965 0 0 0 0 0 0 0
2970 0 0 0 0 0 0 0
2975 0 0 0 0 0 0 0
2980 0 0 0 0 0 0 0
2985 0 0 0 0 0 0 0
2990 0 0 0 0 0 0 0
2995 0 0 0 0 0 0 0
3000 0 0 0 0 0 0 0
3005 0 0 0 0 0 0 0
