0 0 0 0 0 0 0 0
5 0 0 0 0 0 0 0
10 0 0 0 0 0 0 0
15 0 0 0 0 0 0 0
20 0 0 0 0 0 0 0
25 0 0 0 0 0 0 0
30 0 0 0 0 0 0 0
35 0 0 0 0 0 0 0
40 0 0 0 0 0 0 0
45 0 0 0 0 0 0 0
50 0 0 0 0 0 0 0
55 0 0 0 0 0 0 0
60 0 0 0 0 0 0 0
65 0 0 0 0 0 0 0
70 0 0 0 0 0 0 0
75 0 0 0 0 0 0 0
80 0 0 0 0 0 0 0
85 0 0 0 0 0 0 0
90 0 0 0 0 0 0 0
95 0 0 0 1 0 0 0
100 0 0 1 0 0 0 1
105 0 0 1 0 0 0 1
110 0 0 1 0 1 0 1
115 0 0 1 0 1 0 1
120 0 0 1 0 1 0 1
125 0 0 1 0 1 0 1
130 0 0 1 0 1 0 1
135 0 0 1 0 1 0 1
140 0 0 1 0 1 0 1
145 0 0 1 0 1 0 1
150 0 0 1 0 1 0 1
155 0 0 1 0 1 0 1
160 0 0 1 0 1 0 1
165 0 0 1 0 1 0 1
170 0 0 1 0 1 0 1
175 0 0 1 0 1 0 1
180 0 0 1 0 1 0 1
185 0 0 1 0 0 0 1
190 0 0 1 0 0 0 1
195 0 0 1 0 0 0 1
200 0 0 1 0 0 0 1
205 0 0 0 0 0 0 0
210 0 0 0 0 0 0 0
215 0 0 0 0 0 0 0
220 0 0 0 0 0 0 0
225 0 0 0 0 0 0 0
230 0 0 0 0 0 0 0
235 0 0 0 1 0 0 0
240 0 0 0 1 0 0 0
245 0 0 0 0 0 0 0
250 0 0 0 0 0 0 0
255 0 0 0 0 0 0 0
260 0 0 0 1 0 0 0
265 0 0 0 1 0 0 0
270 0 0 1 0 0 0 1
275 0 0 1 0 0 0 1
280 0 0 1 0 1 0 1
285 0 0 1 0 1 0 1
290 0 0 1 0 1 0 1
295 0 0 1 0 1 0 1
300 0 0 1 0 1 0 1
305 0 0 1 0 1 0 1
310 0 0 1 0 1 0 1
315 0 0 1 0 1 0 1
320 0 0 1 0 1 0 1
325 0 0 1 0 1 0 1
330 0 0 1 0 1 0 1
335 0 0 1 0 1 0 1
340 0 0 1 0 1 0 1
345 0 0 1 0 1 0 1
350 0 0 1 0 1 0 1
355 0 1 1 0 1 0 1
360 0 1 1 0 1 0 1
365 0 1 1 0 1 0 1
370 1 0 1 0 1 1 1
375 1 0 1 0 1 1 1
380 1 0 0 0 1 1 0
385 1 0 0 0 1 1 0
390 1 0 0 0 1 1 0
395 1 0 0 0 1 1 0
400 1 0 0 0 1 1 0
405 1 0 0 0 1 1 0
410 1 0 0 0 1 1 0
415 1 0 0 0 1 1 0
420 1 0 0 0 1 1 0
425 1 0 0 0 1 1 0
430 1 0 0 0 1 1 0
435 1 0 0 0 1 1 0
440 1 0 0 0 1 1 0
445 1 0 0 0 0 1 0
450 1 0 0 0 0 1 0
455 1 0 0 0 0 1 0
460 0 0 0 0 0 0 0
465 0 0 0 0 0 0 0
470 0 0 0 0 0 0 0
475 0 0 0 0 0 0 0
480 0 0 0 0 0 0 0
485 0 0 0 0 0 0 0
490 0 0 0 0 0 0 0
495 0 0 0 0 0 0 0
500 0 0 0 0 0 0 0
505 0 0 0 0 0 0 0
510 0 1 0 0 0 0 0
515 0 0 0 0 0 0 0
520 0 0 0 0 0 0 0
525 0 0 0 0 0 0 0
530 0 0 0 0 0 0 0
535 0 0 0 0 0 0 0
540 0 0 0 0 0 0 0
545 0 0 0 0 0 0 0
550 0 0 0 0 0 0 0
555 0 0 0 0 0 0 0
560 0 0 0 0 0 0 0
565 0 0 0 0 0 0 0
570 0 0 0 0 0 0 0
575 0 0 0 0 0 0 0
580 0 0 0 0 0 0 0
585 0 0 0 0 0 0 0
590 0 0 0 0 0 0 0
595 0 0 0 0 0 0 0
600 0 0 0 0 0 0 0
605 0 0 0 0 0 0 0
610 0 0 0 0 0 0 0
615 0 0 0 0 0 0 0
620 0 0 0 0 0 0 0
625 0 1 0 0 0 0 0
630 0 1 0 0 0 0 0
635 1 0 0 0 0 1 0
640 1 0 0 0 0 1 0
645 1 0 0 0 0 1 0
650 1 0 0 0 1 1 0
655 1 0 0 0 1 1 0
660 1 0 0 0 1 1 0
665 1 0 0 0 1 1 0
670 1 0 0 0 1 1 0
675 1 0 0 0 1 1 0
680 1 0 0 0 1 1 0
685 1 0 0 0 1 1 0
690 1 0 0 0 1 1 0
695 1 0 0 0 1 1 0
700 1 0 0 0 1 1 0
705 1 0 0 0 1 1 0
710 1 0 0 0 1 1 0
715 1 0 0 0 1 1 0
720 1 0 0 1 1 1 0
725 1 0 1 0 1 1 1
730 1 0 1 0 1 1 1
735 1 0 1 0 1 1 1
740 1 0 1 0 1 1 1
745 0 1 1 0 1 0 1
750 0 0 1 0 1 0 1
755 0 0 1 0 1 0 1
760 0 0 1 0 1 0 1
765 0 0 1 0 1 0 1
770 0 0 1 0 1 0 1
775 0 0 1 0 1 0 1
780 0 0 1 0 1 0 1
785 0 0 1 0 1 0 1
790 0 0 1 0 1 0 1
795 0 0 1 0 1 0 1
800 0 0 1 0 1 0 1
805 0 0 1 0 1 0 1
810 0 0 1 0 1 0 1
815 0 0 1 0 1 0 1
820 0 0 1 0 1 0 1
825 0 0 1 0 1 0 1
830 0 0 1 0 1 0 1
835 0 0 1 0 1 0 1
840 0 0 1 0 0 0 1
845 0 0 1 0 0 0 1
850 0 0 1 0 0 0 1
855 0 0 1 0 0 0 1
860 0 0 0 0 0 0 0
865 0 0 0 0 0 0 0
870 0 0 0 0 0 0 0
875 0 0 0 0 0 0 0
880 0 0 0 0 0 0 0
885 0 0 0 0 0 0 0
890 0 0 0 0 0 0 0
895 0 0 0 0 0 0 0
900 0 0 0 0 0 0 0
905 0 0 0 0 0 0 0
910 0 0 0 0 0 0 0
915 0 0 0 0 0 0 0
920 0 0 0 0 0 0 0
925 0 0 0 0 0 0 0
930 0 0 0 0 0 0 0
935 0 0 0 0 0 0 0
940 0 0 0 0 0 0 0
945 0 0 0 0 0 0 0
950 0 0 0 0 0 0 0
955 0 1 0 0 0 0 0
960 0 1 0 0 0 0 0
965 0 1 0 0 0 0 0
970 0 1 0 0 0 0 0
975 1 0 0 0 0 1 0
980 1 0 0 0 0 1 0
985 1 0 0 0 1 1 0
990 1 0 0 0 1 1 0
995 1 0 0 0 1 1 0
1000 1 0 0 0 1 1 0
1005 1 0 0 0 1 1 0
1010 1 0 0 0 1 1 0
1015 1 0 0 0 1 1 0
1020 1 0 0 0 1 1 0
1025 1 0 0 1 1 1 0
1030 1 0 0 1 1 1 0
1035 1 0 0 1 1 1 0
1040 1 0 1 0 1 1 1
1045 1 0 1 0 1 1 1
1050 0 0 1 0 1 0 1
1055 0 0 1 0 1 0 1
1060 0 0 1 0 1 0 1
1065 0 0 1 0 1 0 1
1070 0 0 1 0 1 0 1
1075 0 0 1 0 1 0 1
1080 0 0 1 0 1 0 1
1085 0 0 1 0 1 0 1
1090 0 0 1 0 1 0 1
1095 0 0 1 0 0 0 1
1100 0 0 1 0 0 0 1
1105 0 0 1 0 0 0 1
1110 0 0 1 0 0 0 1
1115 0 0 1 0 0 0 1
1120 0 0 1 0 0 0 1
1125 0 0 0 0 0 0 0
1130 0 0 0 0 0 0 0
1135 0 0 0 0 0 0 0
1140 0 0 0 0 0 0 0
1145 0 0 0 0 0 0 0
1150 0 0 0 0 0 0 0
1155 0 0 0 0 0 0 0
1160 0 0 0 0 0 0 0
1165 0 0 0 0 0 0 0
1170 0 0 0 0 0 0 0
1175 0 0 0 0 0 0 0
1180 0 0 0 0 0 0 0
1185 0 1 0 0 0 0 0
1190 0 1 0 0 0 0 0
1195 1 0 0 0 0 1 0
1200 1 0 0 0 1 1 0
1205 1 0 0 0 1 1 0
1210 1 0 0 0 1 1 0
1215 1 0 0 0 1 1 0
1220 1 0 0 0 1 1 0
1225 1 0 0 0 1 1 0
1230 1 0 0 1 1 1 0
1235 1 0 0 0 1 1 0
1240 1 0 0 0 1 1 0
1245 1 0 0 0 1 1 0
1250 1 0 0 0 1 1 0
1255 1 0 0 0 1 1 0
1260 1 0 0 1 1 1 0
1265 1 0 0 1 1 1 0
1270 1 0 0 1 1 1 0
1275 1 0 1 0 1 1 1
1280 0 0 1 0 1 0 1
1285 0 0 1 0 1 0 1
1290 0 0 1 0 1 0 1
1295 0 0 1 0 1 0 1
1300 0 0 1 0 1 0 1
1305 0 0 1 0 1 0 1
1310 0 0 1 0 1 0 1
1315 0 0 1 0 1 0 1
1320 0 0 1 0 1 0 1
1325 0 0 1 0 0 0 1
1330 0 0 1 0 0 0 1
1335 0 0 1 0 0 0 1
1340 0 0 1 0 0 0 1
1345 0 0 1 0 0 0 1
1350 0 0 0 0 0 0 0
1355 0 0 0 0 0 0 0
1360 0 0 0 0 0 0 0
1365 0 0 0 0 0 0 0
1370 0 0 0 0 0 0 0
1375 0 0 0 0 0 0 0
1380 0 0 0 0 0 0 0
1385 0 0 0 0 0 0 0
1390 0 0 0 0 0 0 0
1395 0 0 0 0 0 0 0
1400 0 0 0 0 0 0 0
1405 0 0 0 0 0 0 0
1410 0 0 0 0 0 0 0
1415 0 0 0 0 0 0 0
1420 0 0 0 0 0 0 0
1425 0 1 0 0 0 0 0
1430 0 1 0 0 0 0 0
1435 0 1 0 0 0 0 0
1440 0 1 0 0 0 0 0
1445 0 1 0 0 0 0 0
1450 0 1 0 0 0 0 0
1455 1 0 0 0 0 1 0
1460 1 0 0 0 0 1 0
1465 1 0 0 0 1 1 0
1470 1 0 0 0 1 1 0
1475 1 0 0 0 1 1 0
1480 1 0 0 0 1 1 0
1485 1 0 0 0 1 1 0
1490 1 0 0 0 1 1 0
1495 1 0 0 0 1 1 0
1500 1 0 0 1 1 1 0
1505 1 0 0 1 1 1 0
1510 1 0 0 0 1 1 0
1515 1 0 0 0 1 1 0
1520 1 0 0 0 1 1 0
1525 1 0 0 0 1 1 0
1530 1 0 0 1 1 1 0
1535 1 0 0 1 1 1 0
1540 1 0 0 1 1 1 0
1545 1 0 0 1 1 1 0
1550 1 0 0 1 1 1 0
1555 1 0 0 1 1 1 0
1560 1 0 1 0 1 1 1
1565 0 1 1 0 1 0 1
1570 0 0 1 0 1 0 1
1575 0 0 1 0 1 0 1
1580 0 0 1 0 1 0 1
1585 0 0 1 0 1 0 1
1590 0 0 1 0 1 0 1
1595 0 0 1 0 1 0 1
1600 0 0 1 0 1 0 1
1605 0 0 1 0 1 0 1
1610 0 0 1 0 1 0 1
1615 0 0 1 0 1 0 1
1620 0 0 1 0 0 0 1
1625 0 0 1 0 0 0 1
1630 0 0 1 0 0 0 1
1635 0 0 1 0 0 0 1
1640 0 0 1 0 0 0 1
1645 0 0 1 0 0 0 1
1650 0 0 1 0 0 0 1
1655 0 0 1 0 0 0 1
1660 0 0 1 0 0 0 1
1665 0 0 1 0 0 0 1
1670 0 0 1 0 0 0 1
1675 0 0 1 0 0 0 1
1680 0 0 1 0 0 0 1
1685 0 0 1 0 0 0 1
1690 0 0 1 0 0 0 1
1695 0 0 1 0 0 0 1
1700 0 0 1 0 0 0 1
1705 0 0 1 0 0 0 1
1710 0 0 1 0 0 0 1
1715 0 0 1 0 0 0 1
1720 0 0 1 0 0 0 1
1725 0 0 1 0 0 0 1
1730 0 0 1 0 0 0 1
1735 0 0 1 0 0 0 1
1740 0 0 0 0 0 0 0
1745 0 0 0 0 0 0 0
1750 0 0 0 0 0 0 0
1755 0 0 0 0 0 0 0
1760 0 0 0 0 0 0 0
1765 0 0 0 0 0 0 0
1770 0 0 0 0 0 0 0
1775 0 0 0 0 0 0 0
1780 0 0 0 0 0 0 0
1785 0 0 0 0 0 0 0
1790 0 0 0 0 0 0 0
1795 0 0 0 0 0 0 0
1800 0 0 0 0 0 0 0
