0 0 0 0 0 0 0 0
5 0 0 0 0 0 0 0
10 0 0 0 0 0 0 0
15 0 0 0 0 0 0 0
20 0 0 0 0 0 0 0
25 0 0 0 0 0 0 0
30 0 0 0 0 0 0 0
35 0 0 0 0 0 0 0
40 0 0 0 0 0 0 0
45 0 0 0 0 0 0 0
50 0 0 0 0 0 0 0
55 0 0 0 0 0 0 0
60 0 0 0 0 0 0 0
65 0 1 0 0 0 0 0
70 0 1 0 0 0 0 0
75 0 0 0 0 0 0 0
80 0 0 0 0 0 0 0
85 0 1 0 0 0 0 0
90 0 1 0 0 0 0 0
95 1 0 0 0 0 1 0
100 1 0 0 0 0 1 0
105 1 0 0 0 0 1 0
110 0 0 0 0 0 0 0
115 0 0 0 0 0 0 0
120 0 0 0 0 0 0 0
125 0 0 0 0 0 0 0
130 0 0 0 0 0 0 0
135 0 0 0 0 0 0 0
140 0 0 0 0 0 0 0
145 0 0 0 0 0 0 0
150 0 0 0 0 0 0 0
155 0 1 0 0 0 0 0
160 0 1 0 0 0 0 0
165 0 1 0 0 0 0 0
170 0 1 0 0 0 0 0
175 0 1 0 0 0 0 0
180 0 1 0 0 0 0 0
185 0 1 0 0 0 0 0
190 0 1 0 0 0 0 0
195 1 0 0 0 0 1 0
200 1 0 0 0 0 1 0
205 1 0 0 0 1 1 0
210 1 0 0 0 1 1 0
215 1 0 0 0 1 1 0
220 1 0 0 0 1 1 0
225 1 0 0 1 1 1 0
230 1 0 0 1 1 1 0
235 1 0 0 1 1 1 0
240 1 0 0 1 1 1 0
245 1 0 0 1 1 1 0
250 1 0 0 1 1 1 0
255 1 0 0 1 1 1 0
260 1 0 1 0 1 1 1
265 0 0 1 0 1 0 1
270 0 0 1 0 1 0 1
275 0 0 1 0 1 0 1
280 0 0 1 0 1 0 1
285 0 0 1 0 1 0 1
290 0 0 1 0 1 0 1
295 0 0 1 0 1 0 1
300 0 0 1 0 1 0 1
305 0 0 1 0 1 0 1
310 0 0 1 0 1 0 1
315 0 0 1 0 1 0 1
320 0 0 1 0 1 0 1
325 0 0 1 0 0 0 1
330 0 0 0 0 0 0 0
335 0 0 0 0 0 0 0
340 0 0 0 0 0 0 0
345 0 0 0 0 0 0 0
350 0 0 0 0 0 0 0
355 0 0 0 0 0 0 0
360 0 0 0 0 0 0 0
365 0 0 0 0 0 0 0
370 0 0 0 0 0 0 0
375 0 1 0 0 0 0 0
380 0 1 0 0 0 0 0
385 0 1 0 0 0 0 0
390 1 0 0 0 0 1 0
395 1 0 0 0 0 1 0
400 1 0 0 0 1 1 0
405 1 0 0 0 1 1 0
410 1 0 0 0 1 1 0
415 1 0 0 0 1 1 0
420 1 0 0 0 1 1 0
425 1 0 0 0 1 1 0
430 1 0 0 0 1 1 0
435 1 0 0 0 1 1 0
440 1 0 0 0 1 1 0
445 1 0 0 1 1 1 0
450 1 0 0 0 1 1 0
455 1 0 0 0 1 1 0
460 1 0 0 0 1 1 0
465 1 0 0 0 1 1 0
470 1 0 0 0 1 1 0
475 1 0 0 0 1 1 0
480 1 0 0 0 1 1 0
485 1 0 0 1 1 1 0
490 1 0 1 0 1 1 1
495 0 0 1 0 1 0 1
500 0 0 1 0 1 0 1
505 0 0 1 0 1 0 1
510 0 0 1 0 1 0 1
515 0 0 1 0 1 0 1
520 0 0 1 0 1 0 1
525 0 0 1 0 1 0 1
530 0 0 1 0 1 0 1
535 0 0 1 0 1 0 1
540 0 0 1 0 1 0 1
545 0 0 1 0 1 0 1
550 0 0 1 0 1 0 1
555 0 0 1 0 1 0 1
560 0 0 1 0 1 0 1
565 0 0 1 0 1 0 1
570 0 0 1 0 1 0 1
575 0 0 1 0 0 0 1
580 0 0 0 0 0 0 0
585 0 0 0 0 0 0 0
590 0 0 0 0 0 0 0
595 0 0 0 0 0 0 0
600 0 0 0 0 0 0 0
605 0 0 0 0 0 0 0
610 0 0 0 0 0 0 0
615 0 0 0 0 0 0 0
620 0 0 0 0 0 0 0
625 0 0 0 0 0 0 0
630 0 0 0 0 0 0 0
635 0 0 0 0 0 0 0
640 0 0 0 0 0 0 0
645 0 0 0 0 0 0 0
650 0 0 0 0 0 0 0
655 0 0 0 0 0 0 0
660 0 0 0 0 0 0 0
665 0 0 0 0 0 0 0
670 0 0 0 0 0 0 0
675 0 1 0 0 0 0 0
680 1 0 0 0 0 1 0
685 1 0 0 0 1 1 0
690 1 0 0 0 1 1 0
695 1 0 0 0 1 1 0
700 1 0 0 0 1 1 0
705 1 0 0 0 1 1 0
710 1 0 0 0 1 1 0
715 1 0 0 0 1 1 0
720 1 0 0 0 1 1 0
725 1 0 0 1 1 1 0
730 1 0 0 1 1 1 0
735 1 0 0 1 1 1 0
740 0 1 1 0 1 0 1
745 0 0 1 0 1 0 1
750 0 0 1 0 1 0 1
755 0 0 1 0 1 0 1
760 0 0 1 0 1 0 1
765 0 0 1 0 1 0 1
770 0 0 1 0 1 0 1
775 0 0 1 0 1 0 1
780 0 0 1 0 1 0 1
785 0 0 1 0 0 0 1
790 0 0 1 0 0 0 1
795 0 0 0 0 0 0 0
800 0 0 0 0 0 0 0
805 0 0 0 0 0 0 0
810 0 0 0 0 0 0 0
815 0 0 0 0 0 0 0
820 0 0 0 0 0 0 0
825 0 0 0 0 0 0 0
830 0 0 0 0 0 0 0
835 0 0 0 0 0 0 0
840 0 0 0 0 0 0 0
845 0 0 0 0 0 0 0
850 0 0 0 0 0 0 0
855 0 0 0 0 0 0 0
860 0 0 0 0 0 0 0
865 0 0 0 0 0 0 0
870 0 0 0 0 0 0 0
875 0 0 0 0 0 0 0
880 0 0 0 0 0 0 0
885 0 0 0 0 0 0 0
890 0 0 0 0 0 0 0
895 0 0 0 0 0 0 0
900 0 0 0 0 0 0 0
905 0 0 0 0 0 0 0
910 0 0 0 0 0 0 0
915 0 0 0 0 0 0 0
920 0 0 0 0 0 0 0
925 0 0 0 0 0 0 0
930 0 0 0 0 0 0 0
935 0 0 0 0 0 0 0
940 0 0 0 0 0 0 0
945 0 0 0 0 0 0 0
950 0 0 0 0 0 0 0
955 0 1 0 0 0 0 0
960 0 1 0 0 0 0 0
965 0 1 0 0 0 0 0
970 0 1 0 0 0 0 0
975 0 1 0 0 0 0 0
980 0 1 0 0 0 0 0
985 0 1 0 0 0 0 0
990 0 1 0 0 0 0 0
995 0 0 0 0 0 1 0
1000 0 0 0 0 0 1 0
1005 0 0 0 0 0 0 0
1010 0 0 0 0 0 0 0
1015 0 0 0 0 0 0 0
1020 0 0 0 0 0 0 0
1025 0 1 0 0 0 0 0
1030 1 0 0 0 0 1 0
1035 0 1 0 0 0 0 0
1040 0 1 0 0 0 0 0
1045 0 1 0 0 0 0 0
1050 0 1 0 0 0 0 0
1055 0 1 0 0 0 0 0
1060 1 0 0 0 0 1 0
1065 1 0 0 0 0 1 0
1070 1 0 0 0 0 1 0
1075 1 0 0 0 1 1 0
1080 1 0 0 0 1 1 0
1085 1 0 0 0 1 1 0
1090 1 0 0 0 1 1 0
1095 1 0 0 0 1 1 0
1100 1 0 0 1 1 1 0
1105 1 0 0 1 1 1 0
1110 1 0 0 1 1 1 0
1115 1 0 1 0 1 1 1
1120 0 1 1 0 1 0 1
1125 0 0 1 0 1 0 1
1130 0 0 1 0 1 0 1
1135 0 0 1 0 1 0 1
1140 0 0 1 0 1 0 1
1145 0 0 1 0 1 0 1
1150 0 0 1 0 1 0 1
1155 0 0 1 0 0 0 1
1160 0 0 1 0 0 0 1
1165 0 0 1 0 0 0 1
1170 0 0 1 0 0 0 1
1175 0 0 1 0 0 0 1
1180 0 0 1 0 0 0 1
1185 0 0 1 0 0 0 1
1190 0 0 1 0 0 0 1
1195 0 0 1 0 0 0 1
1200 0 0 1 0 0 0 1
1205 0 0 1 0 0 0 1
1210 0 0 1 0 0 0 1
1215 0 0 1 0 0 0 1
1220 0 0 1 0 0 0 1
1225 0 0 1 0 0 0 1
1230 0 0 1 0 0 0 1
1235 0 0 1 0 0 0 1
1240 0 0 1 0 0 0 1
1245 0 0 1 0 0 0 1
1250 0 0 1 0 0 0 1
1255 0 0 1 0 0 0 1
1260 0 0 1 0 0 0 1
1265 0 0 1 0 0 0 1
1270 0 0 1 0 0 0 1
1275 0 0 1 0 0 0 1
1280 0 0 1 0 0 0 1
1285 0 0 1 0 0 0 1
1290 0 0 1 0 0 0 1
1295 0 0 1 0 0 0 1
1300 0 0 1 0 0 0 1
1305 0 0 1 0 0 0 1
1310 0 0 1 0 0 0 1
1315 0 0 1 0 0 0 1
1320 0 0 0 1 0 0 0
1325 0 0 0 0 0 0 0
1330 0 0 0 0 0 0 0
1335 0 0 0 0 0 0 0
1340 0 0 0 0 0 0 0
1345 0 0 0 0 0 0 0
1350 0 0 0 0 0 0 0
1355 0 0 0 0 0 0 0
1360 0 0 0 0 0 0 0
1365 0 0 0 0 0 0 0
1370 0 0 0 0 0 0 0
1375 0 0 0 0 0 0 0
1380 0 0 0 0 0 0 0
1385 0 0 0 0 0 0 0
1390 0 0 0 0 0 0 0
1395 0 0 0 0 0 0 0
1400 0 0 0 0 0 0 0
1405 0 1 0 0 0 0 0
1410 0 1 0 0 0 0 0
1415 1 0 0 0 0 1 0
1420 1 0 0 0 0 1 0
1425 1 0 0 0 0 1 0
1430 1 0 0 0 0 1 0
1435 1 0 0 0 1 1 0
1440 1 0 0 0 1 1 0
1445 1 0 0 0 1 1 0
1450 1 0 0 0 1 1 0
1455 1 0 0 0 1 1 0
1460 1 0 0 0 1 1 0
1465 1 0 0 0 1 1 0
1470 1 0 0 0 1 1 0
1475 1 0 0 0 1 1 0
1480 1 0 0 0 1 1 0
1485 1 0 0 0 1 1 0
1490 1 0 0 0 1 1 0
1495 1 0 0 1 1 1 0
1500 1 0 0 0 1 1 0
1505 1 0 0 0 1 1 0
1510 1 0 0 1 1 1 0
1515 0 1 1 0 1 0 1
1520 0 0 1 0 1 0 1
1525 0 0 1 0 1 0 1
1530 0 0 1 0 1 0 1
1535 0 0 1 0 1 0 1
1540 0 0 1 0 1 0 1
1545 0 0 1 0 1 0 1
1550 0 0 1 0 1 0 1
1555 0 0 1 0 1 0 1
1560 0 0 1 0 0 0 1
1565 0 0 1 0 0 0 1
1570 0 0 1 0 0 0 1
1575 0 0 0 1 0 0 0
1580 0 0 0 1 0 0 0
1585 0 0 0 1 0 0 0
1590 0 0 0 1 0 0 0
1595 0 0 0 1 0 0 0
1600 0 0 0 1 0 0 0
1605 0 0 0 1 0 0 0
1610 0 0 0 1 0 0 0
1615 0 0 0 1 0 0 0
1620 0 0 0 0 0 0 0
1625 0 0 0 0 0 0 0
1630 0 0 0 0 0 0 0
1635 0 0 0 0 0 0 0
1640 0 0 0 0 0 0 0
1645 0 0 0 0 0 0 0
1650 0 0 0 0 0 0 0
1655 0 0 0 0 0 0 0
1660 0 0 0 0 0 0 0
1665 0 0 0 0 0 0 0
1670 0 0 0 0 0 0 0
1675 0 0 0 0 0 0 0
1680 0 0 0 0 0 0 0
1685 0 0 0 0 0 0 0
1690 0 1 0 0 0 0 0
1695 0 1 0 0 0 0 0
1700 1 0 0 0 0 1 0
1705 1 0 0 0 0 1 0
1710 1 0 0 0 1 1 0
1715 1 0 0 0 1 1 0
1720 1 0 0 0 1 1 0
1725 1 0 0 0 1 1 0
1730 1 0 0 0 1 1 0
1735 1 0 0 0 1 1 0
1740 1 0 0 0 1 1 0
1745 1 0 0 0 1 1 0
1750 1 0 0 0 1 1 0
1755 1 0 0 1 1 1 0
1760 1 0 0 1 1 1 0
1765 0 1 1 0 1 0 1
1770 0 0 1 0 1 0 1
1775 0 0 1 0 1 0 1
1780 0 0 1 0 1 0 1
1785 0 0 1 0 1 0 1
1790 0 0 1 0 0 0 1
1795 0 0 1 0 0 0 1
1800 0 0 1 0 0 0 1
1805 0 0 1 0 0 0 1
1810 0 0 1 0 0 0 1
1815 0 0 0 1 0 0 0
1820 0 0 0 1 0 0 0
1825 0 0 0 0 0 0 0
1830 0 0 0 0 0 0 0
1835 0 0 0 0 0 0 0
1840 0 0 0 0 0 0 0
1845 0 0 0 0 0 0 0
1850 0 0 0 0 0 0 0
1855 0 0 0 0 0 0 0
1860 0 0 0 0 0 0 0
1865 0 0 0 0 0 0 0
1870 0 0 0 0 0 0 0
1875 0 0 0 0 0 0 0
1880 0 0 0 0 0 0 0
1885 0 0 0 0 0 0 0
1890 0 0 0 0 0 0 0
1895 0 0 0 0 0 0 0
1900 0 0 0 0 0 0 0
1905 0 0 0 0 0 0 0
