0 0 0 0 0 0 0 0
5 0 0 0 0 0 0 0
10 0 0 0 0 0 0 0
15 0 0 0 0 0 0 0
20 0 0 0 0 0 0 0
25 0 0 0 0 0 0 0
30 0 0 0 0 0 0 0
35 0 0 0 0 0 0 0
40 0 0 0 0 0 0 0
45 0 0 0 0 0 0 0
50 0 0 0 0 0 0 0
55 0 0 0 0 0 0 0
60 0 1 0 0 0 0 0
65 0 1 0 0 0 0 0
70 1 0 0 0 0 1 0
75 1 0 0 0 0 1 0
80 1 0 0 0 0 1 0
85 1 0 0 0 0 1 0
90 1 0 0 0 0 1 0
95 1 0 0 0 1 1 0
100 1 0 0 0 1 1 0
105 1 0 0 0 1 1 0
110 1 0 0 0 1 1 0
115 1 0 0 0 1 1 0
120 1 0 0 0 1 1 0
125 1 0 0 0 1 1 0
130 1 0 0 0 1 1 0
135 1 0 0 0 1 1 0
140 1 0 0 0 1 1 0
145 1 0 0 0 1 1 0
150 1 0 0 0 1 1 0
155 1 0 0 0 1 1 0
160 1 0 0 0 1 1 0
165 1 0 0 0 1 1 0
170 1 0 0 0 1 1 0
175 1 0 0 0 1 1 0
180 1 0 0 1 1 1 0
185 1 0 0 1 1 1 0
190 1 0 0 1 1 1 0
195 1 0 0 1 1 1 0
200 1 0 1 0 1 1 1
205 1 0 1 0 1 1 1
210 1 0 1 0 1 1 1
215 0 1 1 0 1 0 1
220 0 0 1 0 1 0 1
225 0 0 1 0 1 0 1
230 0 0 1 0 1 0 1
235 0 0 1 0 1 0 1
240 0 0 1 0 1 0 1
245 0 0 1 0 1 0 1
250 0 0 1 0 1 0 1
255 0 0 1 0 1 0 1
260 0 0 1 0 1 0 1
265 0 0 1 0 1 0 1
270 0 0 1 0 1 0 1
275 0 0 1 0 1 0 1
280 0 0 1 0 1 0 1
285 0 0 1 0 1 0 1
290 0 0 1 0 0 0 1
295 0 0 1 0 0 0 1
300 0 0 1 0 0 0 1
305 0 0 1 0 0 0 1
310 0 0 1 0 0 0 1
315 0 0 1 0 0 0 1
320 0 0 1 0 0 0 1
325 0 0 1 0 0 0 1
330 0 0 0 1 0 0 0
335 0 0 0 1 0 0 0
340 0 0 0 1 0 0 0
345 0 0 0 1 0 0 0
350 0 0 0 1 0 0 0
355 0 0 0 1 0 0 0
360 0 0 0 1 0 0 0
365 0 0 0 1 0 0 0
370 0 1 0 1 0 0 0
375 0 1 0 1 0 0 0
380 0 1 0 1 0 0 0
385 0 1 0 1 0 0 0
390 0 1 0 1 0 0 0
395 0 1 0 1 0 0 0
400 0 1 0 1 0 0 0
405 0 0 0 0 0 0 0
410 0 0 0 0 0 0 0
415 0 0 0 0 0 0 0
420 0 0 0 0 0 0 0
425 0 0 0 0 0 0 0
430 0 0 0 0 0 0 0
435 0 0 0 0 0 0 0
440 0 0 0 0 0 0 0
445 0 0 0 0 0 0 0
450 0 0 0 0 0 0 0
455 0 0 0 0 0 0 0
460 0 0 0 0 0 0 0
465 0 0 0 0 0 0 0
470 0 0 0 0 0 0 0
475 0 0 0 0 0 0 0
480 0 0 0 0 0 0 0
485 0 0 0 0 0 0 0
490 0 0 0 1 0 0 0
495 0 0 0 1 0 0 0
500 0 0 0 1 0 0 0
505 0 0 0 1 0 0 0
510 0 0 0 1 0 0 0
515 0 0 1 0 0 0 1
520 0 0 1 0 0 0 1
525 0 0 1 0 0 0 1
530 0 0 1 0 0 0 1
535 0 0 1 0 0 0 1
540 0 0 1 0 0 0 1
545 0 0 0 0 0 0 0
550 0 0 0 0 0 0 0
555 0 0 0 0 0 0 0
560 0 0 0 0 0 0 0
565 0 0 0 0 0 0 0
570 0 0 0 0 0 0 0
575 0 0 0 0 0 0 0
580 0 0 0 0 0 0 0
585 0 0 0 0 0 0 0
590 0 0 0 0 0 0 0
595 0 0 0 0 0 0 0
600 0 0 0 0 0 0 0
605 0 0 0 0 0 0 0
610 0 0 0 0 0 0 0
615 0 0 0 0 0 0 0
620 0 0 0 0 0 0 0
625 0 0 0 0 0 0 0
630 0 1 0 0 0 0 0
635 0 1 0 0 0 0 0
640 0 1 0 0 0 0 0
645 0 1 0 0 0 0 0
650 0 0 0 0 0 0 0
655 0 0 0 0 0 0 0
660 0 0 0 0 0 0 0
665 0 0 0 0 0 0 0
670 0 0 0 0 0 0 0
675 0 0 0 0 0 0 0
680 0 0 0 0 0 0 0
685 0 0 0 0 0 0 0
690 0 0 0 0 0 0 0
695 0 0 0 0 0 0 0
700 0 0 0 0 0 0 0
705 0 0 0 0 0 0 0
710 0 1 0 0 0 0 0
715 0 1 0 0 0 0 0
720 0 0 0 0 0 0 0
725 0 0 0 0 0 0 0
730 0 1 0 0 0 0 0
735 0 1 0 0 0 0 0
740 0 1 0 0 0 0 0
745 1 0 0 0 0 1 0
750 1 0 0 0 0 1 0
755 1 0 0 0 0 1 0
760 1 0 0 0 0 1 0
765 1 0 0 0 0 1 0
770 1 0 0 0 1 1 0
775 1 0 0 0 1 1 0
780 1 0 0 0 1 1 0
785 1 0 0 0 1 1 0
790 1 0 0 0 1 1 0
795 1 0 0 0 1 1 0
800 1 0 0 0 1 1 0
805 1 0 0 0 1 1 0
810 1 0 0 0 1 1 0
815 1 0 0 0 1 1 0
820 1 0 0 0 1 1 0
825 1 0 0 0 1 1 0
830 1 0 0 0 1 1 0
835 1 0 0 0 1 1 0
840 1 0 0 0 1 1 0
845 1 0 0 1 1 1 0
850 1 0 0 1 1 1 0
855 1 0 0 1 1 1 0
860 1 0 0 1 1 1 0
865 1 0 0 1 1 1 0
870 1 0 0 1 1 1 0
875 1 0 0 1 1 1 0
880 1 0 1 0 1 1 1
885 0 1 1 0 1 0 1
890 0 0 1 0 1 0 1
895 0 0 1 0 1 0 1
900 0 0 1 0 1 0 1
905 0 0 1 0 1 0 1
910 0 0 1 0 1 0 1
915 0 0 1 0 1 0 1
920 0 0 1 0 1 0 1
925 0 0 1 0 1 0 1
930 0 0 1 0 1 0 1
935 0 0 1 0 1 0 1
940 0 0 1 0 1 0 1
945 0 0 1 0 1 0 1
950 0 0 1 0 0 0 1
955 0 0 1 0 0 0 1
960 0 0 1 0 0 0 1
965 0 0 1 0 0 0 1
970 0 0 1 0 0 0 1
975 0 0 1 0 0 0 1
980 0 0 1 0 0 0 1
985 0 0 1 0 0 0 1
990 0 0 1 0 0 0 1
995 0 0 1 0 0 0 1
1000 0 0 1 0 0 0 1
1005 0 0 1 0 0 0 1
1010 0 0 0 1 0 0 0
1015 0 0 0 1 0 0 0
1020 0 0 0 1 0 0 0
1025 0 0 0 1 0 0 0
1030 0 0 0 1 0 0 0
1035 0 0 0 1 0 0 0
1040 0 0 0 1 0 0 0
1045 0 0 0 1 0 0 0
1050 0 1 0 1 0 0 0
1055 0 1 0 1 0 0 0
1060 0 1 0 1 0 0 0
1065 0 0 0 0 0 0 0
1070 0 0 0 0 0 0 0
1075 0 0 0 0 0 0 0
1080 0 0 0 0 0 0 0
1085 0 0 0 0 0 0 0
1090 0 0 0 0 0 0 0
1095 0 0 0 0 0 0 0
1100 0 0 0 0 0 0 0
1105 0 0 0 0 0 0 0
1110 0 0 0 0 0 0 0
1115 0 0 0 0 0 0 0
1120 0 0 0 0 0 0 0
1125 0 0 0 0 0 0 0
1130 0 0 0 0 0 0 0
1135 0 0 0 0 0 0 0
1140 0 0 0 0 0 0 0
1145 0 0 0 0 0 0 0
1150 0 0 0 0 0 0 0
1155 0 0 0 0 0 0 0
1160 0 0 0 0 0 0 0
1165 0 0 0 0 0 0 0
1170 0 0 0 0 0 0 0
1175 0 0 0 0 0 0 0
1180 0 0 0 0 0 0 0
1185 0 0 0 0 0 0 0
1190 0 1 0 0 0 0 0
1195 0 0 0 0 0 0 0
1200 0 0 0 0 0 0 0
1205 0 0 0 0 0 0 0
1210 0 0 0 0 0 0 0
1215 0 1 0 0 0 0 0
1220 0 1 0 0 0 0 0
1225 1 0 0 0 0 1 0
1230 1 0 0 0 0 1 0
1235 1 0 0 0 0 1 0
1240 1 0 0 0 0 1 0
1245 1 0 0 0 0 1 0
1250 1 0 0 0 1 1 0
1255 1 0 0 0 1 1 0
1260 1 0 0 0 1 1 0
1265 1 0 0 0 1 1 0
1270 1 0 0 0 1 1 0
1275 1 0 0 0 1 1 0
1280 1 0 0 0 1 1 0
1285 1 0 0 0 1 1 0
1290 1 0 0 0 1 1 0
1295 1 0 0 0 1 1 0
1300 1 0 0 0 1 1 0
1305 1 0 0 0 1 1 0
1310 1 0 0 0 1 1 0
1315 1 0 0 0 1 1 0
1320 1 0 0 0 1 1 0
1325 1 0 0 0 1 1 0
1330 1 0 0 0 1 1 0
1335 1 0 0 1 1 1 0
1340 1 0 0 1 1 1 0
1345 1 0 0 1 1 1 0
1350 1 0 0 1 1 1 0
1355 1 0 1 0 1 1 1
1360 1 0 1 0 1 1 1
1365 0 1 1 0 1 0 1
1370 0 0 1 0 1 0 1
1375 0 0 1 0 1 0 1
1380 0 0 1 0 1 0 1
1385 0 0 1 0 1 0 1
1390 0 0 1 0 1 0 1
1395 0 0 1 0 1 0 1
1400 0 0 1 0 1 0 1
1405 0 0 1 0 0 0 1
1410 0 0 1 0 0 0 1
1415 0 0 1 0 0 0 1
1420 0 0 1 0 0 0 1
1425 0 0 1 0 0 0 1
1430 0 0 1 0 0 0 1
1435 0 0 1 0 0 0 1
1440 0 0 1 0 0 0 1
1445 0 0 1 0 0 0 1
1450 0 0 1 0 0 0 1
1455 0 0 1 0 0 0 1
1460 0 0 1 0 0 0 1
1465 0 0 1 0 0 0 1
1470 0 0 1 0 0 0 1
1475 0 0 1 0 0 0 1
1480 0 0 1 0 0 0 1
1485 0 0 1 0 0 0 1
1490 0 0 1 0 0 0 1
1495 0 0 1 0 0 0 1
1500 0 0 1 0 0 0 1
1505 0 0 1 0 0 0 1
1510 0 0 1 0 0 0 1
1515 0 0 1 0 0 0 1
1520 0 0 1 0 0 0 1
1525 0 0 1 0 0 0 1
1530 0 1 0 1 0 0 0
1535 0 1 0 1 0 0 0
1540 0 1 0 1 0 0 0
1545 0 1 0 0 0 0 0
1550 0 1 0 0 0 0 0
1555 0 1 0 0 0 0 0
1560 0 0 0 0 0 0 0
1565 0 0 0 0 0 0 0
1570 0 0 0 0 0 0 0
1575 0 0 0 0 0 0 0
1580 0 0 0 0 0 0 0
1585 0 0 0 0 0 0 0
1590 0 0 0 0 0 0 0
1595 0 0 0 0 0 0 0
1600 0 0 0 0 0 0 0
1605 0 0 0 0 0 0 0
1610 0 0 0 0 0 0 0
1615 0 1 0 0 0 0 0
1620 0 1 0 0 0 0 0
1625 0 1 0 0 0 0 0
1630 0 1 0 0 0 0 0
1635 1 0 0 0 0 1 0
1640 1 0 0 0 0 1 0
1645 1 0 0 0 0 1 0
1650 1 0 0 0 0 1 0
1655 1 0 0 0 0 1 0
1660 1 0 0 0 1 1 0
1665 1 0 0 0 1 1 0
1670 1 0 0 0 1 1 0
1675 1 0 0 0 1 1 0
1680 1 0 0 0 1 1 0
1685 1 0 0 0 1 1 0
1690 1 0 0 0 1 1 0
1695 1 0 0 0 1 1 0
1700 1 0 0 0 1 1 0
1705 1 0 0 0 1 1 0
1710 1 0 0 0 1 1 0
1715 1 0 0 0 1 1 0
1720 1 0 0 1 1 1 0
1725 1 0 0 1 1 1 0
1730 1 0 0 1 1 1 0
1735 1 0 0 1 1 1 0
1740 1 0 1 0 1 1 1
1745 1 0 1 0 1 1 1
1750 0 1 1 0 1 0 1
1755 0 1 1 0 1 0 1
1760 0 1 1 0 1 0 1
1765 0 0 1 0 1 0 1
1770 0 0 1 0 1 0 1
1775 0 0 1 0 1 0 1
1780 0 0 1 0 1 0 1
1785 0 0 1 0 1 0 1
1790 0 0 1 0 1 0 1
1795 0 0 1 0 1 0 1
1800 0 0 1 0 1 0 1
1805 0 0 1 0 1 0 1
1810 0 0 1 0 1 0 1
1815 0 0 1 0 1 0 1
1820 0 0 1 0 1 0 1
1825 0 0 1 0 0 0 1
1830 0 0 1 0 0 0 1
1835 0 0 1 0 0 0 1
1840 0 0 1 0 0 0 1
1845 0 0 1 0 0 0 1
1850 0 0 1 0 0 0 1
1855 0 0 1 0 0 0 1
1860 0 0 1 0 0 0 1
1865 0 0 0 0 0 0 0
1870 0 0 0 0 0 0 0
1875 0 0 0 0 0 0 0
1880 0 0 0 0 0 0 0
1885 0 0 0 0 0 0 0
1890 0 0 0 0 0 0 0
1895 0 0 0 0 0 0 0
1900 0 0 0 0 0 0 0
1905 0 0 0 0 0 0 0
1910 0 0 0 0 0 0 0
1915 0 0 0 0 0 0 0
1920 0 0 0 0 0 0 0
1925 0 0 0 0 0 0 0
1930 0 0 0 0 0 0 0
1935 0 1 0 0 0 0 0
1940 0 1 0 0 0 0 0
1945 1 0 0 0 0 1 0
1950 1 0 0 0 0 1 0
1955 1 0 0 0 0 1 0
1960 1 0 0 0 0 1 0
1965 1 0 0 0 1 1 0
1970 1 0 0 0 1 1 0
1975 1 0 0 0 1 1 0
1980 1 0 0 0 1 1 0
1985 1 0 0 0 1 1 0
1990 1 0 0 0 1 1 0
1995 1 0 0 0 1 1 0
2000 1 0 0 0 1 1 0
2005 1 0 0 0 1 1 0
2010 1 0 0 0 1 1 0
2015 1 0 0 0 1 1 0
2020 1 0 0 1 1 1 0
2025 1 0 0 1 1 1 0
2030 1 0 1 0 1 1 1
2035 1 0 1 0 1 1 1
2040 0 1 1 0 1 0 1
2045 0 0 1 0 1 0 1
2050 0 0 1 0 1 0 1
2055 0 0 1 0 1 0 1
2060 0 0 1 0 1 0 1
2065 0 0 1 0 1 0 1
2070 0 0 1 0 1 0 1
2075 0 0 1 0 1 0 1
2080 0 0 1 0 1 0 1
2085 0 0 1 0 1 0 1
2090 0 0 1 0 1 0 1
2095 0 0 1 0 1 0 1
2100 0 0 1 0 0 0 1
2105 0 0 1 0 0 0 1
2110 0 0 1 0 0 0 1
2115 0 0 1 0 0 0 1
2120 0 0 1 0 0 0 1
2125 0 0 1 0 0 0 1
2130 0 0 1 0 0 0 1
2135 0 0 1 0 0 0 1
2140 0 0 1 0 0 0 1
2145 0 0 1 0 0 0 1
2150 0 0 1 0 0 0 1
2155 0 0 0 1 0 0 0
2160 0 0 0 1 0 0 0
2165 0 0 0 1 0 0 0
2170 0 0 0 1 0 0 0
2175 0 0 0 1 0 0 0
2180 0 0 0 1 0 0 0
2185 0 0 0 1 0 0 0
2190 0 1 0 1 0 0 0
2195 0 1 0 1 0 0 0
2200 0 1 0 1 0 0 0
2205 0 0 0 0 0 0 0
2210 0 0 0 0 0 0 0
2215 0 0 0 0 0 0 0
2220 0 0 0 0 0 0 0
2225 0 0 0 0 0 0 0
2230 0 0 0 0 0 0 0
2235 0 0 0 0 0 0 0
2240 0 0 0 0 0 0 0
2245 0 0 0 0 0 0 0
2250 0 0 0 0 0 0 0
2255 0 0 0 0 0 0 0
2260 0 0 0 0 0 0 0
2265 0 0 0 0 0 0 0
2270 0 0 0 0 0 0 0
2275 0 0 0 0 0 0 0
2280 0 0 0 0 0 0 0
2285 0 0 0 0 0 0 0
2290 0 0 0 0 0 0 0
2295 0 0 0 0 0 0 0
2300 0 1 0 0 0 0 0
2305 0 0 0 0 0 0 0
2310 0 0 0 0 0 0 0
2315 0 0 0 0 0 0 0
2320 0 0 0 0 0 0 0
2325 0 1 0 0 0 0 0
2330 0 0 0 0 0 0 0
2335 0 0 0 0 0 0 0
2340 0 0 0 0 0 0 0
2345 0 0 0 0 0 0 0
2350 0 0 0 0 0 0 0
2355 0 0 0 0 0 0 0
2360 0 0 0 0 0 0 0
2365 0 0 0 0 0 0 0
2370 0 0 0 0 0 0 0
2375 0 0 0 0 0 0 0
2380 0 0 0 0 0 0 0
2385 0 0 0 0 0 0 0
2390 0 0 0 0 0 0 0
2395 0 0 0 0 0 0 0
2400 0 0 0 0 0 0 0
2405 0 1 0 0 0 0 0
2410 0 1 0 0 0 0 0
2415 0 1 0 0 0 0 0
2420 0 1 0 0 0 0 0
2425 1 0 0 0 0 1 0
2430 1 0 0 0 0 1 0
2435 1 0 0 0 0 1 0
2440 1 0 0 0 0 1 0
2445 1 0 0 0 0 1 0
2450 1 0 0 0 0 1 0
2455 1 0 0 0 1 1 0
2460 1 0 0 0 1 1 0
2465 1 0 0 0 1 1 0
2470 1 0 0 0 1 1 0
2475 1 0 0 0 1 1 0
2480 1 0 0 0 1 1 0
2485 1 0 0 0 1 1 0
2490 1 0 0 0 1 1 0
2495 1 0 0 0 1 1 0
2500 1 0 0 1 1 1 0
2505 1 0 0 1 1 1 0
2510 1 0 0 1 1 1 0
2515 1 0 0 1 1 1 0
2520 1 0 1 0 1 1 1
2525 1 0 1 0 1 1 1
2530 0 1 1 0 1 0 1
2535 0 0 1 0 1 0 1
2540 0 0 1 0 1 0 1
2545 0 0 1 0 1 0 1
2550 0 0 1 0 1 0 1
2555 0 0 1 0 1 0 1
2560 0 0 1 0 1 0 1
2565 0 0 1 0 1 0 1
2570 0 0 1 0 1 0 1
2575 0 0 1 0 0 0 1
2580 0 0 1 0 0 0 1
2585 0 0 1 0 0 0 1
2590 0 0 1 0 0 0 1
2595 0 0 1 0 0 0 1
2600 0 0 1 0 0 0 1
2605 0 0 1 0 0 0 1
2610 0 1 0 1 0 0 0
2615 0 1 0 1 0 0 0
2620 0 0 0 1 0 0 0
2625 0 0 0 1 0 0 0
2630 0 1 0 1 0 0 0
2635 0 1 0 1 0 0 0
2640 0 1 0 1 0 0 0
2645 0 0 0 0 0 0 0
2650 0 0 0 0 0 0 0
2655 0 0 0 0 0 0 0
2660 0 0 0 0 0 0 0
2665 0 0 0 0 0 0 0
2670 0 0 0 0 0 0 0
2675 0 0 0 0 0 0 0
2680 0 0 0 0 0 0 0
2685 0 0 0 0 0 0 0
2690 0 0 0 0 0 0 0
2695 0 0 0 0 0 0 0
2700 0 0 0 0 0 0 0
2705 0 0 0 0 0 0 0
2710 0 0 0 0 0 0 0
2715 0 0 0 0 0 0 0
