0 0 0 0 0 0 0 0
5 0 0 0 0 0 0 0
10 0 0 0 0 0 0 0
15 0 0 0 0 0 0 0
20 0 0 0 0 0 0 0
25 0 0 0 0 0 0 0
30 0 0 0 0 0 0 0
35 0 0 0 0 0 0 0
40 0 0 0 0 0 0 0
45 0 0 0 0 0 0 0
50 0 0 0 0 0 0 0
55 0 0 0 0 0 0 0
60 0 0 0 0 0 0 0
65 0 0 0 0 0 0 0
70 0 0 0 0 0 0 0
75 0 0 0 0 0 0 0
80 0 0 0 0 0 0 0
85 0 0 0 0 0 0 0
90 0 0 0 0 0 0 0
95 0 0 0 1 0 0 0
100 0 0 0 1 0 0 0
105 0 0 0 0 0 0 0
110 0 0 0 0 0 0 0
115 0 0 0 1 0 0 0
120 0 0 0 1 0 0 0
125 0 0 0 1 0 0 0
130 0 0 0 1 0 0 0
135 0 0 0 1 0 0 0
140 0 0 0 1 0 0 0
145 0 0 0 1 0 0 0
150 0 0 0 1 0 0 0
155 0 0 0 1 0 0 0
160 0 0 0 0 0 0 0
165 0 0 0 0 0 0 0
170 0 0 0 0 0 0 0
175 0 0 0 0 0 0 0
180 0 0 0 0 0 0 0
185 0 0 0 0 0 0 0
190 0 0 0 0 0 0 0
195 0 0 0 0 0 0 0
200 0 0 0 0 0 0 0
205 0 0 0 0 0 0 0
210 0 0 0 0 0 0 0
215 0 0 0 0 0 0 0
220 0 0 0 0 0 0 0
225 0 0 0 0 0 0 0
230 0 0 0 0 0 0 0
235 0 0 0 0 0 0 0
240 0 0 0 0 0 0 0
245 0 0 0 0 0 0 0
250 0 0 0 0 0 0 0
255 0 0 0 0 0 0 0
260 0 0 0 0 0 0 0
265 0 0 0 0 0 0 0
270 0 0 0 0 0 0 0
275 0 0 0 0 0 0 0
280 0 0 0 0 0 0 0
285 0 0 0 0 0 0 0
290 0 0 0 0 0 0 0
295 0 0 0 0 0 0 0
300 0 0 0 0 0 0 0
305 0 0 0 0 0 0 0
310 0 0 0 0 0 0 0
315 0 0 0 0 0 0 0
320 0 0 0 0 0 0 0
325 0 0 0 0 0 0 0
330 0 0 0 0 0 0 0
335 0 0 0 0 0 0 0
340 0 0 0 0 0 0 0
345 0 0 0 0 0 0 0
350 0 0 0 0 0 0 0
355 0 0 0 0 0 0 0
360 0 0 0 0 0 0 0
365 0 0 0 0 0 0 0
370 0 0 0 0 0 0 0
375 0 0 0 0 0 0 0
380 0 0 0 0 0 0 0
385 0 0 0 1 0 0 0
390 0 0 0 1 0 0 0
395 0 0 0 0 0 0 0
400 0 0 0 0 0 0 0
405 0 0 0 1 0 0 0
410 0 0 0 1 0 0 0
415 0 0 0 1 0 0 0
420 0 0 0 1 0 0 0
425 0 0 0 1 0 0 0
430 0 0 1 0 0 0 1
435 0 0 1 0 0 0 1
440 0 0 1 0 0 0 1
445 0 0 1 0 0 0 1
450 0 0 1 0 1 0 1
455 0 0 1 0 1 0 1
460 0 0 1 0 1 0 1
465 0 0 1 0 1 0 1
470 0 0 1 0 1 0 1
475 0 0 1 0 1 0 1
480 0 0 1 0 1 0 1
485 0 0 1 0 1 0 1
490 0 0 1 0 1 0 1
495 0 0 1 0 1 0 1
500 0 0 1 0 1 0 1
505 0 0 1 0 1 0 1
510 0 0 1 0 1 0 1
515 0 0 1 0 1 0 1
520 0 0 1 0 1 0 1
525 0 0 1 0 1 0 1
530 0 0 1 0 1 0 1
535 0 0 1 0 1 0 1
540 0 0 1 0 1 0 1
545 0 1 1 0 1 0 1
550 0 1 1 0 1 0 1
555 0 1 1 0 1 0 1
560 0 1 1 0 1 0 1
565 1 0 1 0 1 1 1
570 1 0 1 0 1 1 1
575 1 0 1 0 1 1 1
580 1 0 0 1 1 1 0
585 1 0 0 1 1 1 0
590 1 0 0 1 1 1 0
595 1 0 0 1 1 1 0
600 1 0 0 1 1 1 0
605 1 0 0 1 1 1 0
610 1 0 0 1 1 1 0
615 1 0 0 1 1 1 0
620 1 0 0 1 1 1 0
625 1 0 0 1 1 1 0
630 1 0 0 1 1 1 0
635 1 0 0 1 1 1 0
640 1 0 0 1 1 1 0
645 1 0 0 1 1 1 0
650 1 0 0 1 1 1 0
655 1 0 0 1 1 1 0
660 1 0 0 1 1 1 0
665 1 0 0 1 1 1 0
670 1 0 0 1 1 1 0
675 1 0 0 1 1 1 0
680 1 0 0 1 1 1 0
685 1 0 0 1 1 1 0
690 1 0 0 1 1 1 0
695 1 0 0 1 1 1 0
700 1 0 0 1 1 1 0
705 1 0 0 1 1 1 0
710 1 0 0 1 1 1 0
715 1 0 0 1 1 1 0
720 1 0 0 1 1 1 0
725 1 0 0 0 1 1 0
730 1 0 0 0 1 1 0
735 1 0 0 0 1 1 0
740 1 0 0 0 1 1 0
745 1 0 0 0 1 1 0
750 1 0 0 0 1 1 0
755 1 0 0 0 1 1 0
760 1 0 0 0 1 1 0
765 1 0 0 0 1 1 0
770 1 0 0 0 1 1 0
775 1 0 0 0 1 1 0
780 1 0 0 0 1 1 0
785 1 0 0 0 1 1 0
790 1 0 0 0 1 1 0
795 1 0 0 0 1 1 0
800 1 0 0 0 1 1 0
805 1 0 0 0 1 1 0
810 1 0 0 0 1 1 0
815 1 0 0 0 1 1 0
820 1 0 0 0 1 1 0
825 1 0 0 0 1 1 0
830 1 0 0 0 0 1 0
835 0 0 0 0 0 0 0
840 0 0 0 0 0 0 0
845 0 0 0 0 0 0 0
850 0 0 0 0 0 0 0
855 0 0 0 0 0 0 0
860 0 0 0 0 0 0 0
865 0 0 0 0 0 0 0
870 0 0 0 0 0 0 0
875 0 0 0 0 0 0 0
880 0 0 0 0 0 0 0
885 0 0 0 0 0 0 0
890 0 0 0 0 0 0 0
895 0 0 0 0 0 0 0
900 0 0 0 0 0 0 0
905 0 0 0 0 0 0 0
910 0 0 0 0 0 0 0
915 0 0 0 0 0 0 0
920 0 0 0 0 0 0 0
925 0 0 0 0 0 0 0
930 0 0 0 0 0 0 0
935 0 0 0 0 0 0 0
940 0 0 0 0 0 0 0
945 0 0 0 0 0 0 0
950 0 0 0 0 0 0 0
955 0 0 0 0 0 0 0
960 0 0 0 0 0 0 0
965 0 0 0 0 0 0 0
970 0 0 0 0 0 0 0
975 0 0 0 0 0 0 0
980 0 0 0 0 0 0 0
985 0 0 0 0 0 0 0
990 0 0 0 0 0 0 0
995 0 0 0 0 0 0 0
1000 0 0 0 0 0 0 0
1005 0 0 0 0 0 0 0
1010 0 0 0 0 0 0 0
1015 0 0 0 0 0 0 0
1020 0 0 0 0 0 0 0
1025 0 0 0 0 0 0 0
1030 0 0 0 0 0 0 0
1035 0 0 0 0 0 0 0
1040 0 0 0 0 0 0 0
1045 0 0 0 1 0 0 0
1050 0 0 0 1 0 0 0
1055 0 0 0 1 0 0 0
1060 0 0 0 1 0 0 0
1065 0 0 0 1 0 0 0
1070 0 0 0 1 0 0 0
1075 0 0 0 1 0 0 0
1080 0 0 0 1 0 0 0
1085 0 0 0 1 0 0 0
1090 0 0 0 1 0 0 0
1095 0 0 0 1 0 0 0
1100 0 0 0 1 0 0 0
1105 0 0 0 1 0 0 0
1110 0 0 0 0 0 0 0
1115 0 0 0 0 0 0 0
1120 0 0 0 0 0 0 0
1125 0 0 0 1 0 0 0
1130 0 0 0 1 0 0 0
1135 0 0 0 1 0 0 0
1140 0 0 0 1 0 0 0
1145 0 0 0 0 0 0 0
1150 0 0 0 1 0 0 0
1155 0 0 0 1 0 0 0
1160 0 0 0 1 0 0 0
1165 0 0 1 0 0 0 1
1170 0 0 1 0 0 0 1
1175 0 0 1 0 0 0 1
1180 0 0 1 0 1 0 1
1185 0 0 1 0 1 0 1
1190 0 0 1 0 1 0 1
1195 0 0 1 0 1 0 1
1200 0 0 1 0 1 0 1
1205 0 0 1 0 1 0 1
1210 0 0 1 0 1 0 1
1215 0 0 1 0 1 0 1
1220 0 0 1 0 1 0 1
1225 0 0 1 0 1 0 1
1230 0 0 1 0 1 0 1
1235 0 1 1 0 1 0 1
1240 0 1 1 0 1 0 1
1245 0 1 1 0 1 0 1
1250 0 1 1 0 1 0 1
1255 0 1 1 0 1 0 1
1260 0 1 1 0 1 0 1
1265 0 1 1 0 1 0 1
1270 1 0 1 0 1 1 1
1275 1 0 0 1 1 1 0
1280 1 0 0 1 1 1 0
1285 1 0 0 1 1 1 0
1290 1 0 0 1 1 1 0
1295 1 0 0 1 1 1 0
1300 1 0 0 1 1 1 0
1305 1 0 0 1 1 1 0
1310 1 0 0 1 1 1 0
1315 1 0 0 1 1 1 0
1320 1 0 0 1 1 1 0
1325 1 0 0 0 1 1 0
1330 1 0 0 0 1 1 0
1335 1 0 0 0 1 1 0
1340 1 0 0 0 1 1 0
1345 1 0 0 0 1 1 0
1350 1 0 0 0 1 1 0
1355 1 0 0 0 1 1 0
1360 1 0 0 0 1 1 0
1365 1 0 0 0 1 1 0
1370 1 0 0 0 1 1 0
1375 1 0 0 0 1 1 0
1380 1 0 0 0 0 1 0
1385 1 0 0 0 0 1 0
1390 1 0 0 0 0 1 0
1395 1 0 0 0 0 1 0
1400 0 0 0 0 0 0 0
1405 0 0 0 0 0 0 0
1410 0 0 0 0 0 0 0
1415 0 1 0 0 0 0 0
1420 0 0 0 0 0 0 0
1425 0 0 0 0 0 0 0
1430 0 1 0 0 0 0 0
1435 0 0 0 0 0 0 0
1440 0 0 0 0 0 0 0
1445 0 0 0 0 0 0 0
1450 0 0 0 0 0 0 0
1455 0 0 0 0 0 0 0
1460 0 0 0 0 0 0 0
1465 0 0 0 0 0 0 0
1470 0 0 0 0 0 0 0
1475 0 0 0 0 0 0 0
1480 0 0 0 0 0 0 0
1485 0 0 0 0 0 0 0
1490 0 0 0 0 0 0 0
1495 0 0 0 0 0 0 0
1500 0 0 0 0 0 0 0
1505 0 0 0 0 0 0 0
1510 0 0 0 0 0 0 0
1515 0 0 0 0 0 0 0
1520 0 0 0 0 0 0 0
1525 0 0 0 0 0 0 0
1530 0 0 0 0 0 0 0
1535 0 0 0 0 0 0 0
1540 0 0 0 1 0 0 0
1545 0 0 0 1 0 0 0
1550 0 0 0 1 0 0 0
1555 0 0 0 0 0 0 0
1560 0 0 0 0 0 0 0
1565 0 0 0 0 0 0 0
1570 0 0 0 0 0 0 0
1575 0 0 0 1 0 0 0
1580 0 0 0 1 0 0 0
1585 0 0 0 1 0 0 0
1590 0 0 1 0 0 0 1
1595 0 0 1 0 0 0 1
1600 0 0 1 0 0 0 1
1605 0 0 1 0 0 0 1
1610 0 0 1 0 1 0 1
1615 0 0 1 0 1 0 1
1620 0 0 1 0 1 0 1
1625 0 1 1 0 1 0 1
1630 0 1 1 0 1 0 1
1635 0 1 1 0 1 0 1
1640 0 1 1 0 1 0 1
1645 0 1 1 0 1 0 1
1650 0 1 1 0 1 0 1
1655 0 1 1 0 1 0 1
1660 0 1 1 0 1 0 1
1665 1 0 1 0 1 1 1
1670 1 0 0 1 1 1 0
1675 1 0 0 0 1 1 0
1680 1 0 0 0 1 1 0
1685 1 0 0 0 1 1 0
1690 1 0 0 0 1 1 0
1695 1 0 0 0 1 1 0
1700 1 0 0 0 1 1 0
1705 1 0 0 0 1 1 0
1710 1 0 0 0 1 1 0
1715 1 0 0 0 1 1 0
1720 1 0 0 0 0 1 0
1725 1 0 0 0 0 1 0
1730 1 0 0 0 0 1 0
1735 1 0 0 0 0 1 0
1740 0 0 0 0 0 0 0
1745 0 0 0 0 0 0 0
1750 0 0 0 0 0 0 0
1755 0 0 0 0 0 0 0
1760 0 0 0 0 0 0 0
1765 0 0 0 0 0 0 0
1770 0 0 0 0 0 0 0
1775 0 0 0 0 0 0 0
1780 0 0 0 0 0 0 0
1785 0 0 0 0 0 0 0
1790 0 0 0 0 0 0 0
1795 0 0 0 0 0 0 0
1800 0 0 0 0 0 0 0
1805 0 0 0 0 0 0 0
1810 0 0 0 0 0 0 0
1815 0 0 0 0 0 0 0
1820 0 0 0 0 0 0 0
1825 0 0 0 0 0 0 0
1830 0 0 0 0 0 0 0
1835 0 0 0 0 0 0 0
1840 0 0 0 0 0 0 0
1845 0 0 0 0 0 0 0
1850 0 0 0 0 0 0 0
1855 0 0 0 0 0 0 0
1860 0 0 0 0 0 0 0
1865 0 0 0 0 0 0 0
1870 0 0 0 0 0 0 0
1875 0 0 0 0 0 0 0
1880 0 0 0 0 0 0 0
1885 0 0 0 0 0 0 0
1890 0 0 0 0 0 0 0
1895 0 0 0 0 0 0 0
1900 0 0 0 0 0 0 0
1905 0 0 0 0 0 0 0
1910 0 0 0 0 0 0 0
1915 0 0 0 0 0 0 0
1920 0 0 0 0 0 0 0
1925 0 0 0 0 0 0 0
1930 0 0 0 0 0 0 0
1935 0 0 0 0 0 0 0
1940 0 0 0 0 0 0 0
1945 0 0 0 0 0 0 0
1950 0 0 0 0 0 0 0
1955 0 0 0 0 0 0 0
1960 0 0 0 0 0 0 0
1965 0 0 0 0 0 0 0
1970 0 0 0 0 0 0 0
1975 0 0 0 0 0 0 0
1980 0 0 0 0 0 0 0
1985 0 0 0 1 0 0 0
1990 0 0 0 1 0 0 0
1995 0 0 1 0 0 0 1
2000 0 0 1 0 0 0 1
2005 0 0 1 0 0 0 1
2010 0 0 1 0 1 0 1
2015 0 0 1 0 1 0 1
2020 0 0 1 0 1 0 1
2025 0 0 1 0 1 0 1
2030 0 0 1 0 1 0 1
2035 0 0 1 0 1 0 1
2040 0 1 1 0 1 0 1
2045 0 1 1 0 1 0 1
2050 1 0 1 0 1 1 1
2055 1 0 1 0 1 1 1
2060 1 0 1 0 1 1 1
2065 1 0 0 1 1 1 0
2070 1 0 0 0 1 1 0
2075 1 0 0 0 1 1 0
2080 1 0 0 0 1 1 0
2085 1 0 0 0 1 1 0
2090 1 0 0 0 1 1 0
2095 1 0 0 0 1 1 0
2100 1 0 0 0 1 1 0
2105 1 0 0 0 1 1 0
2110 1 0 0 0 1 1 0
2115 1 0 0 0 0 1 0
2120 0 1 0 0 0 0 0
2125 0 0 0 0 0 0 0
2130 0 0 0 0 0 0 0
2135 0 0 0 0 0 0 0
2140 0 0 0 0 0 0 0
2145 0 0 0 0 0 0 0
2150 0 0 0 0 0 0 0
2155 0 0 0 0 0 0 0
2160 0 0 0 0 0 0 0
2165 0 0 0 0 0 0 0
2170 0 0 0 0 0 0 0
2175 0 0 0 0 0 0 0
2180 0 0 0 0 0 0 0
2185 0 0 0 0 0 0 0
2190 0 0 0 0 0 0 0
2195 0 0 0 0 0 0 0
2200 0 0 0 0 0 0 0
2205 0 0 0 0 0 0 0
2210 0 0 0 0 0 0 0
2215 0 0 0 1 0 0 0
2220 0 0 0 1 0 0 0
2225 0 0 0 0 0 0 0
2230 0 0 0 0 0 0 0
2235 0 0 0 0 0 0 0
2240 0 0 0 0 0 0 0
2245 0 0 0 1 0 0 0
2250 0 0 0 1 0 0 0
2255 0 0 0 1 0 0 1
2260 0 0 0 1 0 0 1
2265 0 0 0 0 0 0 1
2270 0 0 0 0 0 0 0
2275 0 0 0 0 0 0 0
2280 0 0 0 0 0 0 0
2285 0 0 0 0 0 0 0
2290 0 0 0 0 0 0 0
2295 0 0 0 1 0 0 0
2300 0 0 0 1 0 0 0
2305 0 0 0 1 0 0 0
2310 0 0 0 1 0 0 0
2315 0 0 0 1 0 0 0
2320 0 0 0 1 0 0 0
2325 0 0 0 1 0 0 0
2330 0 0 1 0 0 0 1
2335 0 0 1 0 0 0 1
2340 0 0 1 0 0 0 1
2345 0 0 1 0 0 0 1
2350 0 0 1 0 1 0 1
2355 0 0 1 0 1 0 1
2360 0 0 1 0 1 0 1
2365 0 0 1 0 1 0 1
2370 0 0 1 0 1 0 1
2375 0 0 1 0 1 0 1
2380 0 0 1 0 1 0 1
2385 0 0 1 0 1 0 1
2390 0 0 1 0 1 0 1
2395 0 0 1 0 1 0 1
2400 0 0 1 0 1 0 1
2405 0 1 1 0 1 0 1
2410 0 1 1 0 1 0 1
2415 1 0 1 0 1 1 1
2420 1 0 1 0 1 1 1
2425 1 0 0 1 1 1 0
2430 1 0 0 1 1 1 0
2435 1 0 0 1 1 1 0
2440 1 0 0 0 1 1 0
2445 1 0 0 0 1 1 0
2450 1 0 0 0 1 1 0
2455 1 0 0 0 1 1 0
2460 1 0 0 0 1 1 0
2465 1 0 0 0 1 1 0
2470 1 0 0 0 1 1 0
2475 1 0 0 0 1 1 0
2480 1 0 0 0 1 1 0
2485 1 0 0 0 0 1 0
2490 1 0 0 0 0 1 0
2495 1 0 0 0 0 1 0
2500 1 0 0 0 0 1 0
2505 0 0 0 0 0 0 0
2510 0 0 0 0 0 0 0
2515 0 0 0 0 0 0 0
2520 0 0 0 0 0 0 0
2525 0 0 0 0 0 0 0
2530 0 0 0 0 0 0 0
2535 0 0 0 0 0 0 0
2540 0 0 0 0 0 0 0
2545 0 0 0 0 0 0 0
2550 0 0 0 0 0 0 0
2555 0 0 0 0 0 0 0
2560 0 0 0 0 0 0 0
2565 0 0 0 1 0 0 0
2570 0 0 0 1 0 0 0
2575 0 0 1 0 0 0 1
2580 0 0 1 0 0 0 1
2585 0 0 1 0 0 0 1
2590 0 0 1 0 1 0 1
2595 0 0 1 0 1 0 1
2600 0 0 1 0 1 0 1
2605 0 0 1 0 1 0 1
2610 0 0 1 0 1 0 1
2615 0 0 1 0 1 0 1
2620 0 0 1 0 1 0 1
2625 0 1 1 0 1 0 1
2630 0 1 1 0 1 0 1
2635 0 1 1 0 1 0 1
2640 0 1 1 0 1 0 1
2645 0 1 1 0 1 0 1
2650 0 1 1 0 1 0 1
2655 1 0 1 0 1 1 1
2660 1 0 0 1 1 1 0
2665 1 0 0 1 1 1 0
2670 1 0 0 0 1 1 0
2675 1 0 0 0 1 1 0
2680 1 0 0 0 1 1 0
2685 1 0 0 0 1 1 0
2690 1 0 0 0 1 1 0
2695 1 0 0 0 0 1 0
2700 1 0 0 0 0 1 0
2705 1 0 0 0 0 1 0
2710 1 0 0 0 0 1 0
2715 0 0 0 0 0 0 0
2720 0 0 0 0 0 0 0
2725 0 0 0 0 0 0 0
2730 0 0 0 0 0 0 0
2735 0 0 0 0 0 0 0
2740 0 0 0 0 0 0 0
2745 0 0 0 0 0 0 0
2750 0 0 0 0 0 0 0
2755 0 0 0 0 0 0 0
2760 0 0 0 0 0 0 0
2765 0 0 0 0 0 0 0
2770 0 0 0 0 0 0 0
2775 0 0 0 0 0 0 0
2780 0 0 0 0 0 0 0
2785 0 0 0 0 0 0 0
2790 0 0 0 0 0 0 0
2795 0 0 0 0 0 0 0
2800 0 0 0 0 0 0 0
2805 0 0 0 0 0 0 0
2810 0 0 0 0 0 0 0
2815 0 0 0 0 0 0 0
2820 0 0 0 0 0 0 0
2825 0 0 0 0 0 0 0
2830 0 0 0 0 0 0 0
2835 0 0 0 0 0 0 0
2840 0 0 0 0 0 0 0
2845 0 0 0 0 0 0 0
2850 0 0 0 0 0 0 0
2855 0 0 0 0 0 0 0
2860 0 0 0 0 0 0 0
2865 0 0 0 0 0 0 0
2870 0 0 0 0 0 0 0
2875 0 0 0 0 0 0 0
2880 0 0 0 0 0 0 0
2885 0 0 0 0 0 0 0
2890 0 0 0 0 0 0 0
2895 0 0 0 0 0 0 0
2900 0 0 0 0 0 0 0
