0 0 0 0 0 0 0 0
5 0 0 0 0 0 0 0
10 0 0 0 0 0 0 0
15 0 0 0 0 0 0 0
20 0 0 0 0 0 0 0
25 0 0 0 0 0 0 0
30 0 0 0 0 0 0 0
35 0 0 0 0 0 0 0
40 0 0 0 0 0 0 0
45 0 0 0 0 0 0 0
50 0 0 0 1 0 0 0
55 0 0 0 0 0 0 0
60 0 0 0 1 0 0 0
65 0 0 0 1 0 0 0
70 0 0 0 0 0 0 0
75 0 0 0 0 0 0 0
80 0 0 0 0 0 0 0
85 0 0 0 1 0 0 0
90 0 0 1 0 0 0 1
95 0 0 1 0 0 0 1
100 0 0 1 0 0 0 1
105 0 0 1 0 1 0 1
110 0 0 1 0 1 0 1
115 0 0 1 0 1 0 1
120 0 0 1 0 1 0 1
125 0 0 1 0 1 0 1
130 0 0 1 0 1 0 1
135 0 0 1 0 1 0 1
140 0 0 1 0 1 0 1
145 0 0 1 0 1 0 1
150 0 0 1 0 1 0 1
155 0 0 1 0 1 0 1
160 0 1 1 0 1 0 1
165 0 1 1 0 1 0 1
170 0 1 1 0 1 0 1
175 0 1 1 0 1 0 1
180 0 1 1 0 1 0 1
185 0 1 1 0 1 0 1
190 0 1 1 0 1 0 1
195 0 1 1 0 1 1 1
200 0 1 1 0 1 1 1
205 0 1 1 0 1 1 1
210 0 1 1 0 1 0 1
215 0 1 1 0 1 0 1
220 1 0 1 0 1 1 1
225 1 0 0 0 1 1 0
230 1 0 0 0 1 1 0
235 1 0 0 0 1 1 0
240 1 0 0 0 1 1 0
245 1 0 0 0 1 1 0
250 1 0 0 0 1 1 0
255 1 0 0 0 1 1 0
260 1 0 0 0 1 1 0
265 1 0 0 0 1 1 0
270 1 0 0 0 1 1 0
275 1 0 0 0 1 1 0
280 1 0 0 0 1 1 0
285 1 0 0 0 1 1 0
290 1 0 0 0 1 1 0
295 1 0 0 0 1 1 0
300 1 0 0 0 1 1 0
305 1 0 0 0 0 1 0
310 1 0 0 0 0 1 0
315 0 0 0 0 0 0 0
320 0 0 0 0 0 0 0
325 0 0 0 0 0 0 0
330 0 0 0 0 0 0 0
335 0 0 0 0 0 0 0
340 0 0 0 1 0 0 0
345 0 0 1 0 0 0 1
350 0 0 1 0 0 0 1
355 0 0 0 0 0 0 1
360 0 0 0 0 0 0 1
365 0 0 0 0 0 0 0
370 0 0 0 0 0 0 0
375 0 0 0 0 0 0 0
380 0 0 0 0 0 0 0
385 0 0 0 0 0 0 0
390 0 0 0 0 0 0 0
395 0 0 0 0 0 0 0
400 0 0 0 0 0 0 0
405 0 0 0 0 0 0 0
410 0 0 0 1 0 0 0
415 0 0 0 1 0 0 0
420 0 0 1 0 0 0 1
425 0 0 1 0 0 0 1
430 0 0 1 0 1 0 1
435 0 0 1 0 1 0 1
440 0 0 1 0 1 0 1
445 0 0 1 0 1 0 1
450 0 0 1 0 1 0 1
455 0 1 1 0 1 0 1
460 0 1 1 0 1 0 1
465 0 1 1 0 1 0 1
470 0 1 1 0 1 0 1
475 0 1 1 0 1 0 1
480 0 1 1 0 1 0 1
485 0 1 1 0 1 0 1
490 1 0 1 0 1 1 1
495 1 0 1 0 1 1 1
500 1 0 0 1 1 1 0
505 1 0 0 0 1 1 0
510 1 0 0 0 1 1 0
515 1 0 0 0 1 1 0
520 1 0 0 0 1 1 0
525 1 0 0 0 1 1 0
530 1 0 0 0 1 1 0
535 1 0 0 0 1 1 0
540 1 0 0 0 1 1 0
545 1 0 0 0 1 1 0
550 1 0 0 0 1 1 0
555 1 0 0 0 1 1 0
560 1 0 0 0 1 1 0
565 1 0 0 0 1 1 0
570 1 0 0 0 1 1 0
575 1 0 0 0 1 1 0
580 1 0 0 0 1 1 0
585 1 0 0 0 1 1 0
590 1 0 0 0 1 1 0
595 1 0 0 0 1 1 0
600 1 0 0 0 1 1 0
605 1 0 0 0 1 1 0
610 1 0 0 0 1 1 0
615 1 0 0 0 1 1 0
620 1 0 0 0 1 1 0
625 1 0 0 0 1 1 0
630 1 0 0 0 1 1 0
635 1 0 0 0 1 1 0
640 1 0 0 0 0 1 0
645 1 0 0 0 0 1 0
650 0 0 0 0 0 0 0
655 0 0 0 0 0 0 0
660 0 0 0 0 0 0 0
665 0 0 0 0 0 0 0
670 0 0 0 0 0 0 0
675 0 0 0 0 0 0 0
680 0 0 0 1 0 0 0
685 0 0 0 0 0 0 0
690 0 0 0 0 0 0 0
695 0 0 0 0 0 0 0
700 0 0 0 0 0 0 0
705 0 0 0 0 0 0 0
710 0 0 0 1 0 0 0
715 0 0 0 1 0 0 0
720 0 0 0 1 0 0 0
725 0 0 0 1 0 0 0
730 0 0 0 1 0 0 0
735 0 0 1 0 0 0 1
740 0 0 1 0 0 0 1
745 0 0 1 0 0 0 1
750 0 0 1 0 1 0 1
755 0 0 1 0 1 0 1
760 0 0 1 0 1 0 1
765 0 0 1 0 1 0 1
770 0 0 1 0 1 0 1
775 0 0 1 0 1 0 1
780 0 0 1 0 1 0 1
785 0 0 1 0 1 0 1
790 0 1 1 0 1 0 1
795 0 1 1 0 1 0 1
800 0 1 1 0 1 0 1
805 0 0 1 0 1 0 1
810 0 0 1 0 1 0 1
815 0 0 1 0 1 0 1
820 0 0 1 0 1 0 1
825 0 0 1 0 1 0 1
830 0 0 1 0 1 0 1
835 0 1 1 0 1 0 1
840 0 1 1 0 1 0 1
845 0 1 1 0 1 0 1
850 1 0 1 0 1 1 1
855 1 0 0 1 1 1 0
860 1 0 0 0 1 1 0
865 1 0 0 0 1 1 0
870 1 0 0 0 1 1 0
875 1 0 0 0 1 1 0
880 1 0 0 0 1 1 0
885 1 0 0 0 0 1 0
890 0 0 0 0 0 0 0
895 0 0 0 0 0 0 0
900 0 0 0 0 0 0 0
905 0 0 0 0 0 0 0
910 0 0 0 0 0 0 0
915 0 0 0 0 0 0 0
920 0 0 0 0 0 0 0
925 0 0 0 0 0 0 0
930 0 0 0 0 0 0 0
935 0 0 0 0 0 0 0
940 0 0 0 1 0 0 0
945 0 0 0 1 0 0 0
950 0 0 0 1 0 0 1
955 0 0 0 1 0 0 1
960 0 0 0 0 0 0 0
965 0 0 0 0 0 0 0
970 0 0 0 1 0 0 0
975 0 0 1 0 0 0 1
980 0 0 1 0 0 0 1
985 0 0 1 0 0 0 1
990 0 0 1 0 1 0 1
995 0 0 1 0 1 0 1
1000 0 0 1 0 1 0 1
1005 0 0 1 0 1 0 1
1010 0 0 1 0 1 0 1
1015 0 1 1 0 1 0 1
1020 0 1 1 0 1 0 1
1025 0 0 1 0 1 0 1
1030 0 0 1 0 1 0 1
1035 0 0 1 0 1 0 1
1040 0 1 1 0 1 0 1
1045 0 1 1 0 1 0 1
1050 0 1 1 0 1 0 1
1055 0 1 1 0 1 0 1
1060 0 1 1 0 1 0 1
1065 0 1 1 0 1 0 1
1070 1 0 0 1 1 1 0
1075 1 0 0 0 1 1 0
1080 1 0 0 0 1 1 0
1085 1 0 0 0 1 1 0
1090 1 0 0 0 1 1 0
1095 1 0 0 0 1 1 0
1100 1 0 0 0 1 1 0
1105 1 0 0 0 1 1 0
1110 1 0 0 0 1 1 0
1115 1 0 0 0 1 1 0
1120 1 0 0 0 1 1 0
1125 1 0 0 0 1 1 0
1130 1 0 0 0 1 1 0
1135 1 0 0 0 1 1 0
1140 1 0 0 0 1 1 0
1145 1 0 0 0 1 1 0
1150 1 0 0 0 1 1 0
1155 1 0 0 0 1 1 0
1160 1 0 0 0 1 1 0
1165 1 0 0 0 1 1 0
1170 1 0 0 0 1 1 0
1175 1 0 0 0 1 1 0
1180 1 0 0 0 1 1 0
1185 1 0 0 0 1 1 0
1190 1 0 0 0 1 1 0
1195 1 0 0 0 0 1 0
1200 1 0 0 0 0 1 0
1205 0 0 0 0 0 0 0
1210 0 0 0 0 0 0 0
1215 0 0 0 0 0 0 0
1220 0 0 0 0 0 0 0
1225 0 0 0 0 0 0 0
1230 0 0 0 0 0 0 0
1235 0 0 0 0 0 0 0
1240 0 0 0 0 0 0 0
1245 0 0 0 0 0 0 0
1250 0 0 0 0 0 0 0
1255 0 0 0 1 0 0 0
1260 0 0 0 1 0 0 0
1265 0 0 0 1 0 0 0
1270 0 0 0 1 0 0 0
1275 0 0 0 1 0 0 0
1280 0 0 1 0 0 0 1
1285 0 0 1 0 0 0 1
1290 0 0 1 0 1 0 1
1295 0 0 1 0 1 0 1
1300 0 0 1 0 1 0 1
1305 0 0 1 0 1 0 1
1310 0 0 1 0 1 0 1
1315 0 0 1 0 1 0 1
1320 0 0 1 0 1 0 1
1325 0 0 1 0 1 0 1
1330 0 0 1 0 1 0 1
1335 0 0 1 0 1 0 1
1340 0 0 1 0 1 0 1
1345 0 0 1 0 1 0 1
1350 0 0 1 0 1 0 1
1355 0 1 1 0 1 0 1
1360 0 1 1 0 1 0 1
1365 0 0 1 0 1 0 1
1370 0 0 1 0 1 0 1
1375 0 1 1 0 1 0 1
1380 0 1 1 0 1 0 1
1385 0 1 1 0 1 0 1
1390 1 0 1 0 1 1 1
1395 1 0 0 0 1 1 0
1400 1 0 0 0 1 1 0
1405 1 0 0 0 1 1 0
1410 1 0 0 0 1 1 0
1415 1 0 0 0 1 1 0
1420 1 0 0 0 1 1 0
1425 1 0 0 0 1 1 0
1430 1 0 0 0 1 1 0
1435 1 0 0 0 1 1 0
1440 1 0 0 0 1 1 0
1445 1 0 0 0 1 1 0
1450 1 0 0 0 1 1 0
1455 1 0 0 0 1 1 0
1460 1 0 0 0 0 1 0
1465 0 0 0 0 0 1 0
1470 0 0 0 0 0 1 0
1475 0 0 0 0 0 1 0
1480 0 0 0 0 0 0 0
1485 0 0 0 0 0 0 0
1490 0 0 0 0 0 0 0
1495 0 0 0 0 0 0 0
1500 0 0 0 0 0 0 0
1505 0 0 0 0 0 0 0
1510 0 0 0 0 0 0 0
1515 0 0 0 0 0 0 0
1520 0 0 0 0 0 0 0
1525 0 0 0 0 0 0 0
1530 0 0 0 0 0 0 0
1535 0 0 0 0 0 0 0
1540 0 0 0 0 0 0 0
1545 0 0 0 0 0 0 0
1550 0 0 0 0 0 0 0
1555 0 0 0 0 0 0 0
1560 0 0 0 0 0 0 0
1565 0 0 0 0 0 0 0
1570 0 0 0 0 0 0 0
1575 0 0 0 0 0 0 0
1580 0 0 0 1 0 0 0
1585 0 0 1 0 0 0 1
1590 0 0 1 0 0 0 1
1595 0 0 1 0 0 0 1
1600 0 0 1 0 1 0 1
1605 0 0 1 0 1 0 1
1610 0 0 1 0 1 0 1
1615 0 0 1 0 1 0 1
1620 0 0 1 0 1 0 1
1625 0 0 1 0 1 0 1
1630 0 0 1 0 1 0 1
1635 0 0 1 0 1 0 1
1640 0 1 1 0 1 0 1
1645 0 1 1 0 1 0 1
1650 1 0 1 0 1 1 1
1655 1 0 1 0 1 1 1
1660 1 0 0 1 1 1 0
1665 1 0 0 1 1 1 0
1670 1 0 0 1 1 1 0
1675 1 0 0 1 1 1 0
1680 1 0 0 1 1 1 0
1685 1 0 0 1 1 1 0
1690 1 0 0 1 1 1 0
1695 1 0 0 1 1 1 0
1700 1 0 1 0 1 1 1
1705 1 0 0 0 1 1 1
1710 1 0 0 0 1 1 1
1715 1 0 0 0 1 1 0
1720 1 0 0 0 1 1 0
1725 1 0 0 0 1 1 0
1730 1 0 0 0 1 1 0
1735 1 0 0 0 1 1 0
1740 1 0 0 0 1 1 0
1745 1 0 0 0 1 1 0
1750 1 0 0 0 1 1 0
1755 1 0 0 0 1 1 0
1760 1 0 0 0 1 1 0
1765 1 0 0 0 1 1 0
1770 1 0 0 0 1 1 0
1775 1 0 0 0 1 1 0
1780 1 0 0 0 1 1 0
1785 1 0 0 0 1 1 0
1790 1 0 0 0 0 1 0
1795 1 0 0 0 0 1 0
1800 1 0 0 0 0 1 0
1805 0 0 0 0 0 0 0
1810 0 0 0 0 0 0 0
1815 0 0 0 0 0 0 0
1820 0 0 0 0 0 0 0
1825 0 0 0 0 0 0 0
1830 0 0 0 0 0 0 0
1835 0 0 0 0 0 0 0
1840 0 0 0 0 0 0 0
1845 0 0 0 0 0 0 0
1850 0 0 0 0 0 0 0
1855 0 0 0 0 0 0 0
1860 0 0 0 0 0 0 0
1865 0 0 0 0 0 0 0
1870 0 0 0 0 0 0 0
1875 0 0 0 0 0 0 0
1880 0 0 0 0 0 0 0
