0 0 0 0 0 0 0 0
5 0 0 0 0 0 0 0
10 0 0 0 0 0 0 0
15 0 1 0 0 0 0 0
20 0 1 0 0 0 0 0
25 1 0 0 0 0 1 0
30 1 0 0 0 0 1 0
35 1 0 0 0 0 1 0
40 1 0 0 0 1 1 0
45 1 0 0 0 1 1 0
50 1 0 0 0 1 1 0
55 1 0 0 0 1 1 0
60 1 0 0 0 1 1 0
65 1 0 0 0 1 1 0
70 1 0 0 0 1 1 0
75 1 0 0 0 1 1 0
80 1 0 0 1 1 1 0
85 1 0 0 1 1 1 0
90 1 0 0 1 1 1 0
95 1 0 0 1 1 1 0
100 1 0 0 1 1 1 1
105 1 0 0 1 1 1 1
110 1 0 0 1 1 1 0
115 1 0 0 1 1 1 0
120 1 0 0 1 1 1 0
125 1 0 1 0 1 1 1
130 1 0 1 0 1 1 1
135 1 0 1 0 1 1 1
140 0 1 1 0 1 0 1
145 0 0 1 0 1 0 1
150 0 0 1 0 1 0 1
155 0 0 1 0 1 0 1
160 0 0 1 0 1 0 1
165 0 0 1 0 1 0 1
170 0 0 1 0 1 0 1
175 0 0 1 0 1 0 1
180 0 0 1 0 1 0 1
185 0 0 1 0 1 0 1
190 0 0 1 0 1 0 1
195 0 0 1 0 1 0 1
200 0 0 1 0 1 0 1
205 0 0 1 0 0 0 1
210 0 0 1 0 0 0 1
215 0 0 1 0 1 0 1
220 0 0 1 0 1 0 1
225 0 0 1 0 1 0 1
230 0 0 1 0 0 0 1
235 0 0 0 0 0 0 0
240 0 0 0 0 0 0 0
245 0 0 0 0 0 0 0
250 0 0 0 0 0 0 0
255 0 0 0 0 0 0 0
260 0 1 0 0 0 0 0
265 0 1 0 0 0 0 0
270 1 0 0 0 0 1 0
275 1 0 0 0 0 1 0
280 1 0 0 0 0 1 0
285 1 0 0 0 1 1 0
290 1 0 0 0 1 1 0
295 1 0 0 0 1 1 0
300 1 0 0 0 1 1 0
305 1 0 0 0 1 1 0
310 1 0 0 0 1 1 0
315 1 0 0 0 1 1 0
320 1 0 0 0 1 1 0
325 1 0 0 1 1 1 0
330 1 0 0 1 1 1 0
335 1 0 0 0 1 1 0
340 1 0 0 0 1 1 0
345 1 0 0 0 1 1 0
350 1 0 0 1 1 1 0
355 1 0 0 1 1 1 0
360 1 0 0 1 1 1 0
365 1 0 0 1 1 1 0
370 1 0 0 1 1 1 0
375 1 0 1 0 1 1 1
380 1 0 1 0 1 1 1
385 0 1 1 0 1 0 1
390 0 0 1 0 1 0 1
395 0 0 1 0 1 0 1
400 0 0 1 0 1 0 1
405 0 0 1 0 1 0 1
410 0 0 1 0 1 0 1
415 0 0 1 0 1 0 1
420 0 0 1 0 1 0 1
425 0 0 1 0 1 0 1
430 0 0 1 0 1 0 1
435 0 0 1 0 1 0 1
440 0 0 1 0 1 0 1
445 0 0 1 0 1 0 1
450 0 0 1 0 1 0 1
455 0 0 1 0 1 0 1
460 0 0 1 0 1 0 1
465 0 0 1 0 1 0 1
470 0 0 1 0 1 0 1
475 0 0 1 0 0 0 1
480 0 0 1 0 0 0 1
485 0 0 1 0 1 0 1
490 0 0 1 0 1 0 1
495 0 0 1 0 1 0 1
500 0 0 1 0 1 0 1
505 0 0 1 0 0 0 1
510 0 0 0 1 0 0 0
515 0 0 0 0 0 0 0
520 0 0 0 0 0 0 0
525 0 0 0 0 0 0 0
530 0 0 0 0 0 0 0
535 0 0 0 0 0 0 0
540 0 0 0 0 0 0 0
545 0 0 0 0 0 0 0
550 0 1 0 0 0 0 0
555 0 1 0 0 0 0 0
560 1 0 0 0 0 1 0
565 1 0 0 0 0 1 0
570 1 0 0 0 0 1 0
575 1 0 0 0 1 1 0
580 1 0 0 0 1 1 0
585 1 0 0 0 1 1 0
590 1 0 0 0 1 1 0
595 1 0 0 0 1 1 0
600 1 0 0 0 1 1 0
605 1 0 0 0 1 1 0
610 1 0 0 0 1 1 0
615 1 0 0 0 1 1 0
620 1 0 0 0 1 1 0
625 1 0 0 0 1 1 0
630 1 0 0 1 1 1 0
635 1 0 0 1 1 1 0
640 1 0 1 0 1 1 1
645 0 1 1 0 1 0 1
650 0 0 1 0 1 0 1
655 0 0 1 0 1 0 1
660 0 0 1 0 1 0 1
665 0 0 1 0 1 0 1
670 0 0 1 0 1 0 1
675 0 0 1 0 1 0 1
680 0 0 1 0 1 0 1
685 0 0 1 0 1 0 1
690 0 0 1 0 0 0 1
695 0 0 0 0 0 0 0
700 0 0 0 0 0 0 0
705 0 0 0 0 0 0 0
710 0 0 0 0 0 0 0
715 0 0 0 0 0 0 0
720 0 0 0 0 0 0 0
725 0 0 0 0 0 0 0
730 0 1 0 0 0 0 0
735 0 1 0 0 0 0 0
740 1 0 0 0 0 1 0
745 1 0 0 0 0 1 0
750 1 0 0 0 1 1 0
755 1 0 0 0 1 1 0
760 1 0 0 0 1 1 0
765 1 0 0 0 1 1 0
770 1 0 0 0 1 1 0
775 1 0 0 0 1 1 0
780 1 0 0 1 1 1 0
785 1 0 0 1 1 1 0
790 1 0 0 0 1 1 0
795 1 0 0 0 1 1 0
800 1 0 0 0 1 1 0
805 1 0 0 0 1 1 0
810 1 0 0 0 1 1 0
815 1 0 0 0 1 1 0
820 1 0 0 0 1 1 0
825 1 0 0 1 1 1 0
830 1 0 1 0 1 1 1
835 0 1 1 0 1 0 1
840 0 0 1 0 1 0 1
845 0 0 1 0 1 0 1
850 0 0 1 0 1 0 1
855 0 0 1 0 1 0 1
860 0 0 1 0 1 0 1
865 0 0 1 0 1 0 1
870 0 0 1 0 1 0 1
875 0 0 1 0 1 0 1
880 0 0 1 0 1 0 1
885 0 0 1 0 0 0 1
890 0 0 0 0 0 0 0
895 0 0 0 0 0 0 0
900 0 0 0 0 0 0 0
905 0 0 0 0 0 0 0
910 0 0 0 0 0 0 0
915 0 0 0 0 0 0 0
920 0 0 0 0 0 0 0
925 0 0 0 0 0 0 0
930 0 0 0 0 0 0 0
935 0 0 0 0 0 0 0
940 0 0 0 0 0 0 0
945 0 0 0 0 0 0 0
950 0 0 0 0 0 0 0
955 0 0 0 0 0 0 0
960 0 0 0 0 0 0 0
965 0 1 0 0 0 0 0
970 0 1 0 0 0 0 0
975 0 1 0 0 0 0 0
980 0 0 0 0 0 0 0
985 0 1 0 0 0 0 0
990 1 0 0 0 0 1 0
995 1 0 0 0 0 1 0
1000 1 0 0 0 0 1 0
1005 1 0 0 0 1 1 0
1010 1 0 0 0 1 1 0
1015 1 0 0 0 1 1 0
1020 1 0 0 1 1 1 0
1025 1 0 0 1 1 1 0
1030 1 0 0 0 1 1 0
1035 1 0 0 0 1 1 0
1040 1 0 0 1 1 1 0
1045 1 0 0 1 1 1 0
1050 1 0 1 0 1 1 1
1055 0 1 1 0 1 0 1
1060 0 1 1 0 1 0 1
1065 0 0 1 0 1 0 1
1070 0 0 1 0 1 0 1
1075 0 0 1 0 1 0 1
1080 0 0 1 0 1 0 1
1085 0 0 1 0 1 0 1
1090 0 0 1 0 1 0 1
1095 0 0 1 0 1 0 1
1100 0 0 1 0 1 0 1
1105 0 0 1 0 1 0 1
1110 0 0 1 0 1 0 1
1115 0 0 1 0 1 0 1
1120 0 0 1 0 1 0 1
1125 0 0 1 0 0 0 1
1130 0 0 0 0 0 0 0
1135 0 0 0 0 0 0 0
1140 0 0 0 0 0 0 0
1145 0 0 0 0 0 0 0
1150 0 0 0 0 0 0 0
1155 0 0 0 0 0 0 0
1160 0 0 0 0 0 0 0
1165 0 0 0 0 0 0 0
1170 0 0 0 0 0 0 0
1175 0 0 0 0 0 0 0
1180 0 0 0 0 0 0 0
1185 0 0 0 0 0 0 0
1190 0 0 0 0 0 0 0
1195 0 0 0 0 0 0 0
1200 0 1 0 0 0 0 0
1205 0 1 0 0 0 0 0
1210 0 1 0 0 0 0 0
1215 0 1 0 0 0 0 0
1220 1 0 0 0 0 1 0
1225 1 0 0 0 0 1 0
1230 0 0 0 0 0 0 0
1235 0 0 0 0 0 0 0
1240 0 0 0 0 0 0 0
1245 0 0 0 0 0 0 0
1250 0 0 0 0 0 0 0
1255 0 1 0 0 0 0 0
1260 0 1 0 0 0 0 0
1265 0 1 0 0 0 0 0
1270 0 1 0 0 0 0 0
1275 1 0 0 0 0 1 0
1280 1 0 0 0 0 1 0
1285 1 0 0 0 1 1 0
1290 1 0 0 0 1 1 0
1295 1 0 0 0 1 1 0
1300 1 0 0 0 1 1 0
1305 1 0 0 0 1 1 0
1310 1 0 0 0 1 1 0
1315 1 0 0 0 1 1 0
1320 1 0 0 0 1 1 0
1325 1 0 0 0 1 1 0
1330 1 0 0 0 1 1 0
1335 1 0 0 0 1 1 0
1340 1 0 0 0 1 1 0
1345 1 0 0 0 1 1 0
1350 1 0 0 0 1 1 0
1355 1 0 0 0 1 1 0
1360 1 0 0 1 1 1 0
1365 1 0 0 1 1 1 0
1370 1 0 1 0 1 1 1
1375 1 0 1 0 1 1 1
1380 0 1 1 0 1 0 1
1385 0 0 1 0 1 0 1
1390 0 0 1 0 1 0 1
1395 0 0 1 0 1 0 1
1400 0 0 1 0 1 0 1
1405 0 0 1 0 1 0 1
1410 0 0 1 0 1 0 1
1415 0 0 1 0 1 0 1
1420 0 0 1 0 1 0 1
1425 0 0 1 0 1 0 1
1430 0 0 1 0 1 0 1
1435 0 0 1 0 1 0 1
1440 0 0 1 0 1 0 1
1445 0 0 1 0 1 0 1
1450 0 0 1 0 0 0 1
1455 0 0 1 0 0 0 1
1460 0 0 1 0 0 0 1
1465 0 0 1 0 1 0 1
1470 0 0 1 0 1 0 1
1475 0 0 1 0 0 0 1
1480 0 0 1 0 0 0 1
1485 0 0 0 0 0 0 0
1490 0 0 0 0 0 0 0
1495 0 0 0 0 0 0 0
1500 0 0 0 0 0 0 0
1505 0 0 0 0 0 0 0
1510 0 0 0 0 0 0 0
1515 0 0 0 0 0 0 0
1520 0 0 0 0 0 0 0
1525 0 0 0 0 0 0 0
1530 0 0 0 0 0 0 0
1535 0 0 0 0 0 0 0
1540 0 0 0 0 0 0 0
1545 0 0 0 0 0 0 0
1550 0 0 0 0 0 0 0
1555 0 0 0 0 0 0 0
1560 0 0 0 0 0 0 0
1565 0 0 0 0 0 0 0
1570 0 0 0 0 0 0 0
1575 0 0 0 0 0 0 0
1580 0 0 0 0 0 0 0
