0 0 0 0 0 0 0 0
5 0 0 0 0 0 0 0
10 0 0 0 0 0 0 0
15 0 0 0 0 0 0 0
20 0 0 0 0 0 0 0
25 0 0 0 0 0 0 0
30 0 0 0 0 0 0 0
35 0 0 0 0 0 0 0
40 0 0 0 0 0 0 0
45 0 0 0 0 0 0 0
50 0 0 0 0 0 0 0
55 0 0 0 0 0 0 0
60 0 0 0 0 0 0 0
65 0 0 0 0 0 0 0
70 0 0 0 0 0 0 0
75 0 0 0 0 0 0 0
80 0 0 0 0 0 0 0
85 0 0 0 0 0 0 0
90 0 1 0 0 0 0 0
95 1 0 0 0 0 1 0
100 1 0 0 0 0 1 0
105 1 0 0 0 1 1 0
110 1 0 0 0 1 1 0
115 1 0 0 0 1 1 0
120 1 0 0 0 1 1 0
125 1 0 0 0 1 1 0
130 1 0 0 0 1 1 0
135 1 0 0 0 1 1 0
140 1 0 0 1 1 1 0
145 1 0 0 1 1 1 0
150 1 0 0 1 1 1 0
155 1 0 0 1 1 1 0
160 1 0 0 1 1 1 0
165 1 0 1 0 1 1 1
170 0 1 1 0 1 0 1
175 0 0 1 0 1 0 1
180 0 0 1 0 1 0 1
185 0 0 1 0 1 0 1
190 0 0 1 0 1 0 1
195 0 0 1 0 1 0 1
200 0 0 1 0 1 0 1
205 0 0 1 0 1 0 1
210 0 0 1 0 1 0 1
215 0 0 1 0 1 0 1
220 0 0 1 0 1 0 1
225 0 0 1 0 1 0 1
230 0 0 1 0 1 0 1
235 0 0 1 0 1 0 1
240 0 0 1 0 1 0 1
245 0 0 1 0 1 0 1
250 0 0 1 0 0 0 1
255 0 0 1 0 0 0 1
260 0 0 0 0 0 0 0
265 0 0 0 0 0 0 0
270 0 0 0 0 0 0 0
275 0 0 0 0 0 0 0
280 0 0 0 0 0 0 0
285 0 0 0 0 0 0 0
290 0 0 0 0 0 0 0
295 0 0 0 0 0 0 0
300 0 1 0 0 0 0 0
305 0 1 0 0 0 0 0
310 1 0 0 0 0 1 0
315 1 0 0 0 0 1 0
320 1 0 0 0 0 1 0
325 1 0 0 0 1 1 0
330 1 0 0 0 1 1 0
335 1 0 0 0 1 1 0
340 1 0 0 1 1 1 0
345 1 0 0 0 1 1 0
350 1 0 0 0 1 1 0
355 1 0 0 0 1 1 0
360 1 0 0 1 1 1 0
365 1 0 0 1 1 1 0
370 1 0 1 0 1 1 1
375 1 0 1 0 1 1 1
380 0 0 1 0 1 0 1
385 0 0 1 0 1 0 1
390 0 0 1 0 1 0 1
395 0 0 1 0 1 0 1
400 0 0 1 0 1 0 1
405 0 0 1 0 0 0 1
410 0 0 1 0 0 0 1
415 0 0 1 0 1 0 1
420 0 0 1 0 1 0 1
425 0 0 1 0 0 0 1
430 0 0 1 0 0 0 1
435 0 0 1 0 0 0 1
440 0 0 0 1 0 0 0
445 0 0 0 1 0 0 0
450 0 0 0 1 0 0 0
455 0 0 0 1 0 0 0
460 0 0 0 1 0 0 0
465 0 0 0 1 0 0 0
470 0 0 0 1 0 0 0
475 0 0 0 1 0 0 0
480 0 0 0 1 0 0 0
485 0 1 0 1 0 0 0
490 0 1 0 1 0 0 0
495 0 1 0 1 0 0 0
500 0 1 0 1 0 0 0
505 0 0 0 0 0 0 0
510 0 0 0 0 0 0 0
515 0 0 0 0 0 0 0
520 0 0 0 0 0 0 0
525 0 0 0 0 0 0 0
530 0 1 0 0 0 0 0
535 0 0 0 0 0 0 0
540 0 0 0 0 0 0 0
545 0 1 0 0 0 0 0
550 1 0 0 0 0 1 0
555 1 0 0 0 0 1 0
560 1 0 0 0 1 1 0
565 1 0 0 0 1 1 0
570 1 0 0 0 1 1 0
575 1 0 0 0 1 1 0
580 1 0 0 1 1 1 0
585 1 0 1 0 1 1 1
590 0 0 1 0 1 0 1
595 0 0 1 0 1 0 1
600 0 0 1 0 1 0 1
605 0 0 1 0 1 0 1
610 0 0 1 0 1 0 1
615 0 0 1 0 1 0 1
620 0 0 1 0 1 0 1
625 0 0 1 0 1 0 1
630 0 0 1 0 1 0 1
635 0 0 1 0 0 0 1
640 0 0 1 0 0 0 1
645 0 0 1 0 0 0 1
650 0 0 1 0 0 0 1
655 0 0 0 0 0 0 0
660 0 0 0 0 0 0 0
665 0 0 0 0 0 0 0
670 0 0 0 0 0 0 0
675 0 0 0 0 0 0 0
680 0 0 0 0 0 0 0
685 0 0 0 0 0 0 0
690 0 0 0 0 0 0 0
695 0 0 0 0 0 0 0
700 0 1 0 0 0 0 0
705 0 1 0 0 0 0 0
710 1 0 0 0 0 1 0
715 1 0 0 0 1 1 0
720 1 0 0 0 1 1 0
725 1 0 0 0 1 1 0
730 1 0 0 0 1 1 0
735 1 0 0 0 1 1 0
740 1 0 0 0 1 1 0
745 1 0 0 0 1 1 0
750 1 0 0 0 1 1 0
755 1 0 0 0 1 1 0
760 1 0 0 0 1 1 0
765 1 0 0 1 1 1 0
770 1 0 1 0 1 1 1
775 0 0 1 0 1 0 1
780 0 0 1 0 1 0 1
785 0 0 1 0 1 0 1
790 0 0 1 0 1 0 1
795 0 0 1 0 1 0 1
800 0 0 1 0 1 0 1
805 0 0 1 0 1 0 1
810 0 0 1 0 1 0 1
815 0 0 1 0 1 0 1
820 0 0 1 0 1 0 1
825 0 0 1 0 1 0 1
830 0 0 1 0 1 0 1
835 0 0 1 0 0 0 1
840 0 0 0 0 0 0 0
845 0 0 0 0 0 0 0
850 0 0 0 0 0 0 0
855 0 0 0 0 0 0 0
860 0 0 0 0 0 0 0
865 0 0 0 0 0 0 0
870 0 0 0 0 0 0 0
875 0 0 0 0 0 0 0
880 0 0 0 0 0 0 0
885 0 0 0 0 0 0 0
890 0 0 0 0 0 0 0
895 0 0 0 0 0 0 0
900 0 1 0 0 0 0 0
905 1 0 0 0 0 1 0
910 1 0 0 0 0 1 0
915 1 0 0 0 0 1 0
920 1 0 0 0 1 1 0
925 1 0 0 0 1 1 0
930 1 0 0 0 1 1 0
935 1 0 0 0 1 1 0
940 1 0 0 0 1 1 0
945 1 0 0 0 1 1 0
950 1 0 0 1 1 1 0
955 0 0 1 0 1 0 1
960 0 0 1 0 1 0 1
965 0 0 1 0 1 0 1
970 0 0 1 0 1 0 1
975 0 0 1 0 1 0 1
980 0 0 1 0 1 0 1
985 0 0 1 0 1 0 1
990 0 0 1 0 1 0 1
995 0 0 1 0 1 0 1
1000 0 0 1 0 1 0 1
1005 0 0 1 0 0 0 1
1010 0 0 1 0 1 0 1
1015 0 0 1 0 0 0 1
1020 0 0 1 0 0 0 1
1025 0 0 0 0 0 0 0
1030 0 0 0 0 0 0 0
1035 0 0 0 0 0 0 0
1040 0 0 0 0 0 0 0
1045 0 0 0 0 0 0 0
1050 0 0 0 0 0 0 0
1055 0 0 0 0 0 0 0
1060 0 0 0 0 0 0 0
1065 0 0 0 0 0 0 0
1070 0 0 0 0 0 0 0
1075 0 0 0 0 0 0 0
1080 0 1 0 0 0 0 0
1085 1 0 0 0 0 1 0
1090 1 0 0 0 0 1 0
1095 1 0 0 0 0 1 0
1100 1 0 0 0 1 1 0
1105 1 0 0 0 1 1 0
1110 1 0 0 0 1 1 0
1115 1 0 0 0 1 1 0
1120 1 0 0 0 1 1 0
1125 1 0 0 0 1 1 0
1130 1 0 0 0 1 1 0
1135 1 0 0 0 1 1 0
1140 1 0 0 0 1 1 0
1145 1 0 0 0 1 1 0
1150 1 0 0 1 1 1 0
1155 1 0 0 1 1 1 0
1160 1 0 0 1 1 1 0
1165 1 0 0 1 1 1 0
1170 1 0 1 0 1 1 1
1175 0 0 1 0 1 0 1
1180 0 0 1 0 1 0 1
1185 0 0 1 0 1 0 1
1190 0 0 1 0 1 0 1
1195 0 0 1 0 1 0 1
1200 0 0 1 0 1 0 1
1205 0 0 1 0 1 0 1
1210 0 0 1 0 1 0 1
1215 0 0 1 0 1 0 1
1220 0 0 1 0 1 0 1
1225 0 0 1 0 1 0 1
1230 0 0 1 0 1 0 1
1235 0 0 1 0 1 0 1
1240 0 0 1 0 1 0 1
1245 0 0 1 0 1 0 1
1250 0 0 1 0 1 0 1
1255 0 0 1 0 1 0 1
1260 0 0 1 0 0 0 1
1265 0 0 1 0 0 0 1
1270 0 0 1 0 0 0 1
1275 0 0 1 0 0 0 1
1280 0 0 0 0 0 0 0
1285 0 0 0 0 0 0 0
1290 0 0 0 0 0 0 0
1295 0 0 0 0 0 0 0
1300 0 0 0 0 0 0 0
1305 0 0 0 0 0 0 0
1310 0 0 0 0 0 0 0
1315 0 0 0 0 0 0 0
1320 0 0 0 0 0 0 0
1325 0 0 0 0 0 0 0
1330 0 0 0 0 0 0 0
1335 0 0 0 0 0 0 0
1340 0 0 0 0 0 0 0
1345 0 0 0 0 0 0 0
1350 0 0 0 0 0 0 0
1355 0 0 0 0 0 0 0
1360 0 0 0 0 0 0 0
1365 0 0 0 0 0 0 0
