0 0 0 0 0 0 0 0
5 0 0 0 0 0 0 0
10 0 0 0 0 0 0 0
15 0 0 0 0 0 0 0
20 0 0 0 0 0 0 0
25 0 0 0 0 0 0 0
30 0 0 0 0 0 0 0
35 0 0 0 0 0 0 0
40 0 0 0 0 0 0 0
45 0 0 0 0 0 0 0
50 0 0 0 0 0 0 0
55 0 0 0 0 0 0 0
60 0 0 0 0 0 0 0
65 0 0 0 0 0 0 0
70 0 0 0 0 0 0 0
75 0 0 0 0 0 0 0
80 0 0 0 0 0 0 0
85 0 0 0 0 0 0 0
90 0 0 0 0 0 0 0
95 0 0 0 0 0 0 0
100 0 0 0 0 0 0 0
105 0 0 0 1 0 0 0
110 0 0 0 1 0 0 0
115 0 0 0 1 0 0 0
120 0 0 0 1 0 0 0
125 0 0 0 1 0 0 0
130 0 0 0 1 0 0 0
135 0 0 1 0 0 0 1
140 0 0 1 0 0 0 1
145 0 0 1 0 0 0 1
150 0 0 1 0 0 0 1
155 0 0 1 0 1 0 1
160 0 0 1 0 1 0 1
165 0 0 1 0 1 0 1
170 0 0 1 0 1 0 1
175 0 0 1 0 1 0 1
180 0 0 1 0 1 0 1
185 0 0 1 0 1 0 1
190 0 0 1 0 1 0 1
195 0 0 1 0 1 0 1
200 0 0 1 0 1 0 1
205 0 1 1 0 1 0 1
210 0 1 1 0 1 0 1
215 0 1 1 0 1 0 1
220 0 1 1 0 1 0 1
225 0 1 1 0 1 0 1
230 1 0 1 0 1 1 1
235 1 0 1 0 1 1 1
240 1 0 0 1 1 1 0
245 1 0 0 0 1 1 0
250 1 0 0 0 1 1 0
255 1 0 0 0 1 1 0
260 1 0 0 0 1 1 0
265 1 0 0 0 1 1 0
270 1 0 0 0 1 1 0
275 1 0 0 0 1 1 0
280 1 0 0 0 1 1 0
285 1 0 0 0 1 1 0
290 1 0 0 0 0 1 0
295 1 0 0 0 0 1 0
300 1 0 0 0 0 1 0
305 1 0 0 0 0 1 0
310 0 0 0 0 0 0 0
315 0 0 0 0 0 0 0
320 0 0 0 0 0 0 0
325 0 0 0 0 0 0 0
330 0 0 0 0 0 0 0
335 0 0 0 0 0 0 0
340 0 0 0 0 0 0 0
345 0 0 0 0 0 0 0
350 0 0 0 0 0 0 0
355 0 0 0 0 0 0 0
360 0 0 0 0 0 0 0
365 0 0 0 0 0 0 0
370 0 0 0 0 0 0 0
375 0 0 0 0 0 0 0
380 0 0 0 0 0 0 0
385 0 0 0 0 0 0 0
390 0 0 0 1 0 0 0
395 0 0 0 1 0 0 0
400 0 0 1 0 0 0 1
405 0 0 1 0 0 0 1
410 0 0 1 0 0 0 1
415 0 0 1 0 1 0 1
420 0 0 1 0 1 0 1
425 0 0 1 0 1 0 1
430 0 0 1 0 1 0 1
435 0 0 1 0 1 0 1
440 0 0 1 0 1 0 1
445 0 1 1 0 1 0 1
450 1 0 1 0 1 1 1
455 1 0 1 0 1 1 1
460 1 0 0 1 1 1 0
465 1 0 0 0 1 1 0
470 1 0 0 0 1 1 0
475 1 0 0 0 1 1 0
480 1 0 0 0 1 1 0
485 1 0 0 0 0 1 0
490 1 0 0 0 0 1 0
495 1 0 0 0 0 1 0
500 0 0 0 0 0 0 0
505 0 0 0 0 0 0 0
510 0 0 0 0 0 0 0
515 0 0 0 0 0 0 0
520 0 0 0 0 0 0 0
525 0 0 0 0 0 0 0
530 0 0 0 0 0 0 0
535 0 0 0 0 0 0 0
540 0 0 0 0 0 0 0
545 0 0 0 0 0 0 0
550 0 0 0 0 0 0 0
555 0 0 0 1 0 0 0
560 0 0 0 1 0 0 0
565 0 0 1 0 0 0 1
570 0 0 1 0 0 0 1
575 0 0 1 0 0 0 1
580 0 0 1 0 1 0 1
585 0 0 1 0 1 0 1
590 0 0 1 0 1 0 1
595 0 0 1 0 1 0 1
600 0 0 1 0 1 0 1
605 0 0 1 0 1 0 1
610 0 0 1 0 1 0 1
615 0 1 1 0 1 0 1
620 0 1 1 0 1 0 1
625 1 0 1 0 1 1 1
630 1 0 0 1 1 1 0
635 1 0 0 0 1 1 0
640 1 0 0 0 1 1 0
645 1 0 0 0 1 1 0
650 1 0 0 0 1 1 0
655 1 0 0 0 1 1 0
660 1 0 0 0 1 1 0
665 1 0 0 0 0 1 0
670 1 0 0 0 0 1 0
675 0 0 0 0 0 0 0
680 0 0 0 0 0 0 0
685 0 0 0 0 0 0 0
690 0 0 0 0 0 0 0
695 0 0 0 0 0 0 0
700 0 0 0 0 0 0 0
705 0 0 0 0 0 0 0
710 0 0 0 0 0 0 0
715 0 0 0 0 0 0 0
720 0 0 0 0 0 0 0
725 0 0 0 0 0 0 0
730 0 0 0 1 0 0 0
735 0 0 0 1 0 0 0
740 0 0 1 0 0 0 1
745 0 0 1 0 0 0 1
750 0 0 1 0 1 0 1
755 0 0 1 0 1 0 1
760 0 0 1 0 1 0 1
765 0 0 1 0 1 0 1
770 0 0 1 0 1 0 1
775 0 0 1 0 1 0 1
780 0 1 1 0 1 0 1
785 0 1 1 0 1 0 1
790 0 1 1 0 1 0 1
795 0 1 1 0 1 0 1
800 1 0 1 0 1 1 1
805 1 0 0 1 1 1 0
810 1 0 0 1 1 1 0
815 1 0 0 0 1 1 0
820 1 0 0 0 1 1 0
825 1 0 0 0 1 1 0
830 1 0 0 0 1 1 0
835 1 0 0 0 1 1 0
840 1 0 0 0 1 1 0
845 1 0 0 0 1 1 0
850 1 0 0 0 0 1 0
855 1 0 0 0 0 1 0
860 1 0 0 0 0 1 0
865 1 0 0 0 0 1 0
870 1 0 0 0 0 1 0
875 1 0 0 0 0 1 0
880 1 0 0 0 0 1 0
885 0 0 0 0 0 0 0
890 0 0 0 0 0 0 0
895 0 0 0 0 0 0 0
900 0 0 0 0 0 0 0
905 0 0 0 0 0 0 0
910 0 0 0 0 0 0 0
915 0 0 0 0 0 0 0
920 0 0 0 0 0 0 0
925 0 0 0 1 0 0 0
930 0 0 0 1 0 0 0
935 0 0 1 0 0 0 1
940 0 0 1 0 0 0 1
945 0 0 1 0 1 0 1
950 0 0 1 0 1 0 1
955 0 0 1 0 1 0 1
960 0 0 1 0 1 0 1
965 0 0 1 0 1 0 1
970 0 0 1 0 1 0 1
975 0 0 1 0 1 0 1
980 0 0 1 0 1 0 1
985 0 0 1 0 1 0 1
990 0 0 1 0 1 0 1
995 0 0 1 0 1 0 1
1000 0 0 1 0 1 0 1
1005 0 0 1 0 1 0 1
1010 0 0 1 0 1 0 1
1015 0 1 1 0 1 0 1
1020 0 1 1 0 1 0 1
1025 0 1 1 0 1 0 1
1030 0 1 1 0 1 0 1
1035 1 0 1 0 1 1 1
1040 1 0 0 1 1 1 0
1045 1 0 0 0 1 1 0
1050 1 0 0 0 1 1 0
1055 1 0 0 0 1 1 0
1060 1 0 0 0 1 1 0
1065 1 0 0 0 0 1 0
1070 1 0 0 0 0 1 0
1075 1 0 0 0 0 1 0
1080 0 0 0 0 0 0 0
1085 0 0 0 0 0 0 0
1090 0 0 0 0 0 0 0
1095 0 0 0 0 0 0 0
1100 0 0 0 0 0 0 0
1105 0 0 0 0 0 0 0
1110 0 0 0 0 0 0 0
1115 0 0 0 0 0 0 0
1120 0 0 0 0 0 0 0
1125 0 0 0 0 0 0 0
1130 0 0 0 0 0 0 0
1135 0 0 0 0 0 0 0
1140 0 0 0 0 0 0 0
1145 0 0 0 0 0 0 0
1150 0 0 0 1 0 0 0
1155 0 0 0 1 0 0 0
1160 0 0 1 0 0 0 1
1165 0 0 1 0 0 0 1
1170 0 0 1 0 1 0 1
1175 0 0 1 0 1 0 1
1180 0 0 1 0 1 0 1
1185 0 0 1 0 1 0 1
1190 0 0 1 0 1 0 1
1195 0 0 1 0 1 0 1
1200 0 1 1 0 1 0 1
1205 0 1 1 0 1 0 1
1210 0 1 1 0 1 0 1
1215 1 0 1 0 1 1 1
1220 1 0 1 0 1 1 1
1225 1 0 0 1 1 1 0
1230 1 0 0 0 1 1 0
1235 1 0 0 0 1 1 0
1240 1 0 0 0 1 1 0
1245 1 0 0 0 1 1 0
1250 1 0 0 0 1 1 0
1255 1 0 0 0 1 1 0
1260 1 0 0 0 1 1 0
1265 1 0 0 0 1 1 0
1270 1 0 0 0 1 1 0
1275 1 0 0 0 0 1 0
1280 1 0 0 0 0 1 0
1285 0 0 0 0 0 0 0
1290 0 0 0 0 0 0 0
1295 0 0 0 0 0 0 0
1300 0 0 0 0 0 0 0
1305 0 0 0 0 0 0 0
1310 0 0 0 0 0 0 0
1315 0 0 0 0 0 0 0
1320 0 0 0 0 0 0 0
1325 0 0 0 0 0 0 0
1330 0 0 0 0 0 0 0
1335 0 0 0 0 0 0 0
1340 0 0 0 0 0 0 0
1345 0 0 0 0 0 0 0
