0 0 0 0 0 0 0 0
5 0 0 0 0 0 0 0
10 0 0 0 0 0 0 0
15 0 0 0 0 0 0 0
20 0 0 0 1 0 0 0
25 0 0 0 1 0 0 0
30 0 0 0 1 0 0 0
35 0 0 1 0 0 0 1
40 0 0 1 0 0 0 1
45 0 0 1 0 0 0 1
50 0 0 1 0 1 0 1
55 0 0 1 0 1 0 1
60 0 0 1 0 1 0 1
65 0 0 1 0 1 0 1
70 0 0 1 0 1 0 1
75 0 1 1 0 1 0 1
80 0 1 1 0 1 0 1
85 0 1 1 0 1 0 1
90 0 0 1 0 1 0 1
95 0 1 1 0 1 0 1
100 0 0 1 0 1 0 1
105 0 0 1 0 1 0 1
110 0 1 1 0 1 0 1
115 1 0 0 1 1 1 0
120 1 0 0 0 1 1 0
125 1 0 0 0 1 1 0
130 1 0 0 0 1 1 0
135 1 0 0 0 1 1 0
140 1 0 0 0 1 1 0
145 1 0 0 0 1 1 0
150 1 0 0 0 1 1 0
155 1 0 0 0 0 1 0
160 1 0 0 0 0 1 0
165 0 0 0 0 0 0 0
170 0 0 0 0 0 0 0
175 0 0 0 0 0 0 0
180 0 0 0 0 0 0 0
185 0 0 0 0 0 0 0
190 0 0 0 0 0 0 0
195 0 0 0 0 0 0 0
200 0 0 0 1 0 0 0
205 0 0 0 0 0 0 0
210 0 0 0 0 0 0 0
215 0 0 0 0 0 0 0
220 0 0 0 0 0 0 0
225 0 0 0 0 0 0 0
230 0 0 0 0 0 0 0
235 0 0 0 0 0 0 0
240 0 0 0 0 0 0 0
245 0 0 0 0 0 0 0
250 0 0 0 0 0 0 0
255 0 0 0 0 0 0 0
260 0 0 0 0 0 0 0
265 0 0 0 1 0 0 0
270 0 0 1 0 0 0 1
275 0 0 1 0 0 0 1
280 0 0 1 0 0 0 1
285 0 0 1 0 1 0 1
290 0 0 1 0 1 0 1
295 0 0 1 0 1 0 1
300 0 1 1 0 1 0 1
305 0 0 1 0 1 0 1
310 0 0 1 0 1 0 1
315 0 0 1 0 1 0 1
320 0 1 1 0 1 0 1
325 0 1 1 0 1 0 1
330 1 0 0 1 1 1 0
335 1 0 0 0 1 1 0
340 1 0 0 0 1 1 0
345 1 0 0 0 1 1 0
350 1 0 0 0 1 1 0
355 1 0 0 0 1 1 0
360 1 0 0 0 0 1 0
365 1 0 0 0 0 1 0
370 1 0 0 0 0 1 0
375 1 0 0 0 0 1 0
380 1 0 0 0 0 1 0
385 1 0 0 0 0 1 0
390 1 0 0 0 1 1 0
395 1 0 0 0 1 1 0
400 1 0 0 0 1 1 0
405 1 0 0 0 1 1 0
410 1 0 0 0 1 1 0
415 1 0 0 0 1 1 0
420 1 0 0 0 1 1 0
425 1 0 0 0 1 1 0
430 1 0 0 0 1 1 0
435 1 0 0 0 1 1 0
440 0 1 0 0 0 0 0
445 0 0 0 0 0 0 0
450 0 0 0 0 0 0 0
455 0 0 0 0 0 0 0
460 0 0 0 0 0 0 0
465 0 0 0 0 0 0 0
470 0 0 0 0 0 0 0
475 0 0 0 0 0 0 0
480 0 0 0 0 0 0 0
485 0 0 0 0 0 0 0
490 0 0 0 0 0 0 0
495 0 0 0 0 0 0 0
500 0 0 0 0 0 0 0
505 0 0 0 0 0 0 0
510 0 0 0 0 0 0 0
515 0 0 0 0 0 0 0
520 0 0 0 0 0 0 0
525 0 0 0 1 0 0 0
530 0 0 0 1 0 0 0
535 0 0 0 1 0 0 0
540 0 0 0 1 0 0 0
545 0 0 0 1 0 0 0
550 0 0 1 0 0 0 1
555 0 0 1 0 0 0 1
560 0 0 1 0 1 0 1
565 0 0 1 0 1 0 1
570 0 0 1 0 1 0 1
575 0 0 1 0 1 0 1
580 0 0 1 0 1 0 1
585 0 0 1 0 1 0 1
590 0 0 1 0 1 0 1
595 0 1 1 0 1 0 1
600 0 1 1 0 1 0 1
605 1 0 1 0 1 1 1
610 1 0 0 0 1 1 0
615 1 0 0 0 1 1 0
620 1 0 0 0 1 1 0
625 1 0 0 0 1 1 0
630 1 0 0 0 1 1 0
635 1 0 0 0 1 1 0
640 1 0 0 0 1 1 0
645 1 0 0 0 1 1 0
650 1 0 0 0 1 1 0
655 1 0 0 0 1 1 0
660 1 0 0 0 1 1 0
665 1 0 0 0 0 1 0
670 0 0 0 0 1 1 0
675 0 0 0 0 1 0 0
680 0 0 0 0 1 0 0
685 0 0 0 0 1 0 0
690 0 0 0 0 1 0 0
695 0 0 0 0 1 0 0
700 0 0 0 0 1 0 0
705 0 0 0 0 1 0 0
710 0 0 0 0 1 0 0
715 0 0 0 0 1 0 0
720 0 0 0 0 1 0 0
725 0 0 0 0 1 0 0
730 0 0 0 0 1 0 0
735 0 0 0 0 1 0 0
740 0 0 0 0 1 0 0
745 0 1 0 0 1 0 0
750 0 1 0 0 1 0 0
755 0 0 0 0 1 0 0
760 0 0 0 0 1 0 0
765 0 0 0 0 1 0 0
770 0 0 0 0 1 0 0
775 0 0 0 0 1 0 0
780 0 0 0 0 1 0 0
785 0 0 0 0 1 0 0
790 0 0 0 0 1 0 0
795 0 0 0 0 1 0 0
800 0 0 0 0 1 0 0
805 0 0 0 0 1 0 0
810 0 0 0 0 1 0 0
815 0 0 0 1 1 0 0
820 0 0 1 0 1 0 1
825 0 0 1 0 1 0 1
830 0 0 1 0 0 0 1
835 0 0 1 0 1 0 1
840 0 0 1 0 1 0 1
845 0 0 1 0 1 0 1
850 0 0 1 0 1 0 1
855 0 0 1 0 1 0 1
860 0 1 1 0 1 0 1
865 0 1 1 0 1 0 1
870 1 0 1 0 1 1 1
875 1 0 0 0 1 1 0
880 1 0 0 0 1 1 0
885 1 0 0 0 1 1 0
890 1 0 0 0 1 1 0
895 1 0 0 0 1 1 0
900 1 0 0 0 1 1 0
905 1 0 0 0 1 1 0
910 1 0 0 0 1 1 0
915 1 0 0 0 1 1 0
920 1 0 0 0 1 1 0
925 1 0 0 0 0 1 0
930 1 0 0 0 0 1 0
935 0 0 0 0 0 0 0
940 0 0 0 0 0 0 0
945 0 0 0 0 0 0 0
950 0 0 0 0 0 0 0
955 0 0 0 0 0 0 0
960 0 0 0 0 0 0 0
965 0 0 0 0 0 0 0
970 0 0 0 0 0 0 0
975 0 0 0 0 0 0 0
980 0 0 0 0 0 0 0
985 0 0 0 1 0 0 0
990 0 0 0 1 0 0 0
995 0 0 1 0 0 0 1
1000 0 0 1 0 0 0 1
1005 0 0 1 0 1 0 1
1010 0 0 1 0 1 0 1
1015 0 0 1 0 1 0 1
1020 0 1 1 0 1 0 1
1025 0 1 1 0 1 0 1
1030 1 0 0 1 1 1 0
1035 1 0 0 0 1 1 0
1040 1 0 0 0 1 1 0
1045 1 0 0 0 1 1 0
1050 1 0 0 0 1 1 0
1055 1 0 0 0 1 1 0
1060 1 0 0 0 0 1 0
1065 1 0 0 0 0 1 0
1070 0 0 0 0 0 0 0
1075 0 0 0 0 0 0 0
1080 0 0 0 0 0 0 0
1085 0 0 0 0 0 0 0
1090 0 0 0 0 0 0 0
1095 0 0 0 0 0 0 0
1100 0 0 0 0 0 0 0
1105 0 0 0 0 0 0 0
1110 0 0 0 0 0 0 0
1115 0 0 0 0 0 0 0
1120 0 0 0 0 0 0 0
1125 0 0 0 0 0 0 0
1130 0 0 0 0 0 0 0
1135 0 0 0 0 0 0 0
1140 0 0 0 1 0 0 0
1145 0 0 0 1 0 0 0
1150 0 0 0 0 0 0 0
1155 0 0 0 0 0 0 0
1160 0 0 0 0 0 0 0
1165 0 0 0 0 0 0 0
1170 0 0 0 1 0 0 0
1175 0 0 0 1 0 0 0
1180 0 0 1 0 0 0 1
1185 0 0 1 0 0 0 1
1190 0 0 1 0 1 0 1
1195 0 0 1 0 1 0 1
1200 0 0 1 0 1 0 1
1205 0 0 1 0 1 0 1
1210 0 1 1 0 1 0 1
1215 1 0 1 0 1 1 1
1220 1 0 0 0 1 1 0
1225 1 0 0 0 1 1 0
1230 1 0 0 0 1 1 0
1235 1 0 0 0 1 1 0
1240 1 0 0 0 1 1 0
1245 1 0 0 0 1 1 0
1250 1 0 0 0 1 1 0
1255 1 0 0 0 0 1 0
1260 1 0 0 0 0 1 0
1265 1 0 0 0 1 1 0
1270 1 0 0 0 1 1 0
1275 1 0 0 0 1 1 0
1280 1 0 0 0 1 1 0
1285 1 0 0 0 0 1 0
1290 0 0 0 0 0 0 0
1295 0 0 0 0 0 0 0
1300 0 0 0 0 0 0 0
1305 0 0 0 0 0 0 0
1310 0 0 0 0 0 0 0
1315 0 0 0 0 0 0 0
1320 0 0 0 0 0 0 0
1325 0 0 0 0 0 0 0
1330 0 0 0 0 0 0 0
1335 0 0 0 0 0 0 0
1340 0 0 0 0 0 0 0
1345 0 0 0 0 0 0 0
1350 0 0 0 0 0 0 0
1355 0 0 0 0 0 0 0
1360 0 0 0 0 0 0 0
1365 0 0 0 0 0 0 0
1370 0 0 0 0 0 0 0
1375 0 0 0 0 0 0 0
1380 0 0 0 0 0 0 0
1385 0 0 0 0 0 0 0
1390 0 0 0 0 0 0 0
1395 0 0 0 0 0 0 0
1400 0 0 0 0 0 0 0
1405 0 0 0 0 0 0 0
