0 0 0 0 0 0 0 0
5 0 0 0 0 0 0 0
10 0 0 0 0 0 0 0
15 0 0 0 0 0 0 0
20 0 0 0 0 0 0 0
25 0 0 0 0 0 0 0
30 0 0 0 0 0 0 0
35 0 0 0 0 0 0 0
40 0 0 0 0 0 0 0
45 0 0 0 0 0 0 0
50 0 0 0 0 0 0 0
55 0 1 0 0 0 0 0
60 0 1 0 0 0 0 0
65 0 1 0 0 0 0 0
70 0 0 0 0 0 0 0
75 0 0 0 0 0 0 0
80 0 1 0 0 0 0 0
85 0 1 0 0 0 0 0
90 1 0 0 0 0 1 0
95 0 0 0 0 0 1 0
100 0 0 0 0 0 1 0
105 0 0 0 0 0 0 0
110 0 0 0 0 0 0 0
115 0 0 0 0 0 0 0
120 0 0 0 0 0 0 0
125 0 0 0 0 0 0 0
130 0 1 0 0 0 0 0
135 1 0 0 0 0 1 0
140 1 0 0 0 0 1 0
145 1 0 0 0 1 1 0
150 1 0 0 0 1 1 0
155 1 0 0 0 1 1 0
160 1 0 0 0 1 1 0
165 1 0 0 0 1 1 0
170 1 0 0 0 1 1 0
175 1 0 0 0 1 1 0
180 1 0 0 1 1 1 0
185 1 0 0 0 1 1 0
190 1 0 0 0 1 1 0
195 1 0 0 0 1 1 0
200 1 0 0 0 1 1 0
205 1 0 0 1 1 1 0
210 1 0 1 0 1 1 1
215 0 1 1 0 1 0 1
220 0 0 1 0 1 0 1
225 0 0 1 0 1 0 1
230 0 0 1 0 1 0 1
235 0 0 1 0 1 0 1
240 0 0 1 0 1 0 1
245 0 0 1 0 1 0 1
250 0 0 1 0 1 0 1
255 0 0 1 0 1 0 1
260 0 0 1 0 1 0 1
265 0 0 1 0 1 0 1
270 0 0 1 0 0 0 1
275 0 0 1 0 0 0 1
280 0 0 0 0 0 0 0
285 0 0 0 0 0 0 0
290 0 0 0 0 0 0 0
295 0 0 0 0 0 0 0
300 0 0 0 0 0 0 0
305 0 0 0 0 0 0 0
310 0 0 0 0 0 0 0
315 0 0 0 0 0 0 0
320 0 0 0 0 0 0 0
325 0 0 0 0 0 0 0
330 0 0 0 0 0 0 0
335 0 0 0 0 0 0 0
340 0 0 0 0 0 0 0
345 0 0 0 0 0 0 0
350 0 1 0 0 0 0 0
355 0 1 0 0 0 0 0
360 1 0 0 0 0 1 0
365 1 0 0 0 0 1 0
370 1 0 0 0 0 1 0
375 1 0 0 0 1 1 0
380 1 0 0 0 1 1 0
385 1 0 0 0 1 1 0
390 1 0 0 0 1 1 0
395 1 0 0 0 1 1 0
400 1 0 0 0 1 1 0
405 1 0 0 0 1 1 0
410 1 0 0 0 1 1 0
415 1 0 0 0 1 1 0
420 1 0 0 0 1 1 0
425 1 0 0 0 1 1 0
430 1 0 0 1 1 1 0
435 0 1 1 0 1 0 1
440 0 0 1 0 1 0 1
445 0 0 1 0 1 0 1
450 0 0 1 0 1 0 1
455 0 0 1 0 1 0 1
460 0 0 1 0 1 0 1
465 0 0 1 0 1 0 1
470 0 0 1 0 1 0 1
475 0 0 1 0 1 0 1
480 0 0 1 0 1 0 1
485 0 0 1 0 1 0 1
490 0 0 1 0 1 0 1
495 0 0 1 0 0 0 1
500 0 0 1 0 0 0 1
505 0 0 0 0 0 0 0
510 0 0 0 0 0 0 0
515 0 0 0 0 0 0 0
520 0 0 0 0 0 0 0
525 0 0 0 0 0 0 0
530 0 0 0 0 0 0 0
535 0 0 0 0 0 0 0
540 0 0 0 0 0 0 0
545 0 0 0 0 0 0 0
550 0 0 0 0 0 0 0
555 0 0 0 0 0 0 0
560 0 0 0 0 0 0 0
565 0 1 0 0 0 0 0
570 0 1 0 0 0 0 0
575 1 0 0 0 0 1 0
580 1 0 0 0 0 1 0
585 1 0 0 0 1 1 0
590 1 0 0 0 1 1 0
595 1 0 0 0 1 1 0
600 1 0 0 0 1 1 0
605 1 0 0 0 1 1 0
610 1 0 0 0 1 1 0
615 1 0 0 0 1 1 0
620 1 0 0 1 1 1 0
625 1 0 0 0 1 1 0
630 1 0 0 0 1 1 0
635 1 0 0 0 1 1 0
640 1 0 0 0 1 1 0
645 1 0 0 0 1 1 0
650 1 0 0 0 1 1 0
655 1 0 0 0 1 1 0
660 1 0 0 0 1 1 0
665 1 0 0 0 1 1 0
670 1 0 0 1 1 1 0
675 0 1 1 0 1 0 1
680 0 0 1 0 1 0 1
685 0 0 1 0 1 0 1
690 0 0 1 0 1 0 1
695 0 0 1 0 1 0 1
700 0 0 1 0 1 0 1
705 0 0 1 0 1 0 1
710 0 0 1 0 1 0 1
715 0 0 1 0 1 0 1
720 0 0 1 0 1 0 1
725 0 0 1 0 1 0 1
730 0 0 1 0 1 0 1
735 0 0 1 0 0 0 1
740 0 0 1 0 0 0 1
745 0 0 1 0 1 0 1
750 0 0 1 0 1 0 1
755 0 0 1 0 1 0 1
760 0 0 1 0 0 0 1
765 0 0 1 0 0 0 1
770 0 0 1 0 0 0 1
775 0 0 0 0 0 0 0
780 0 0 0 0 0 0 0
785 0 0 0 0 0 0 0
790 0 0 0 0 0 0 0
795 0 0 0 0 0 0 0
800 0 0 0 0 0 0 0
805 0 0 0 0 0 0 0
810 0 0 0 0 0 0 0
815 0 0 0 0 0 0 0
820 0 0 0 0 0 0 0
825 0 0 0 0 0 0 0
830 0 0 0 0 0 0 0
835 0 1 0 0 0 0 0
840 0 1 0 0 0 0 0
845 0 1 0 0 0 0 0
850 1 0 0 0 0 1 0
855 1 0 0 0 0 1 0
860 1 0 0 0 0 1 0
865 1 0 0 0 1 1 0
870 1 0 0 0 1 1 0
875 1 0 0 0 1 1 0
880 1 0 0 0 1 1 0
885 1 0 0 0 1 1 0
890 1 0 0 0 1 1 0
895 1 0 0 0 1 1 0
900 1 0 0 0 1 1 0
905 1 0 0 0 1 1 0
910 1 0 0 0 1 1 0
915 1 0 0 0 1 1 0
920 1 0 0 1 1 1 0
925 0 1 1 0 1 0 1
930 0 0 1 0 1 0 1
935 0 0 1 0 1 0 1
940 0 0 1 0 1 0 1
945 0 0 1 0 1 0 1
950 0 0 1 0 1 0 1
955 0 0 1 0 1 0 1
960 0 0 1 0 1 0 1
965 0 0 1 0 1 0 1
970 0 0 1 0 1 0 1
975 0 0 1 0 1 0 1
980 0 0 1 0 0 0 1
985 0 0 1 0 0 0 1
990 0 0 1 0 1 0 1
995 0 0 1 0 1 0 1
1000 0 0 1 0 1 0 1
1005 0 0 1 0 1 0 1
1010 0 0 1 0 1 0 1
1015 0 0 1 0 0 0 1
1020 0 0 1 0 0 0 1
1025 0 0 1 0 0 0 1
1030 0 0 1 0 0 0 1
1035 0 0 1 0 0 0 1
1040 0 0 1 0 0 0 1
1045 0 0 1 0 1 0 1
1050 0 0 1 0 1 0 1
1055 0 0 1 0 1 0 1
1060 0 0 1 0 1 0 1
1065 0 0 1 0 1 0 1
1070 0 0 1 0 0 0 1
1075 0 0 1 0 0 0 1
1080 0 0 1 0 0 0 1
1085 0 0 1 0 0 0 1
1090 0 0 1 0 0 0 1
1095 0 0 1 0 0 0 1
1100 0 1 0 1 0 0 0
1105 0 1 0 1 0 0 0
1110 0 0 0 0 0 0 0
1115 0 0 0 0 0 0 0
1120 0 0 0 0 0 0 0
1125 0 0 0 0 0 0 0
1130 0 0 0 0 0 0 0
1135 0 0 0 0 0 0 0
1140 0 0 0 0 0 0 0
1145 0 0 0 0 0 0 0
1150 0 0 0 0 0 0 0
1155 0 1 0 0 0 0 0
1160 0 1 0 0 0 0 0
1165 0 1 0 0 0 0 0
1170 1 0 0 0 0 1 0
1175 1 0 0 0 0 1 0
1180 1 0 0 0 0 1 0
1185 1 0 0 0 1 1 0
1190 1 0 0 0 1 1 0
1195 1 0 0 1 1 1 0
1200 1 0 0 1 1 1 0
1205 1 0 0 1 1 1 0
1210 1 0 0 0 1 1 0
1215 1 0 0 0 1 1 0
1220 1 0 0 0 1 1 0
1225 1 0 0 1 1 1 0
1230 1 0 0 1 1 1 0
1235 1 0 0 1 1 1 0
1240 1 0 0 1 1 1 0
1245 1 0 0 1 1 1 0
1250 0 1 1 0 1 0 1
1255 0 0 1 0 1 0 1
1260 0 0 1 0 1 0 1
1265 0 0 1 0 1 0 1
1270 0 0 1 0 1 0 1
1275 0 0 1 0 1 0 1
1280 0 0 1 0 1 0 1
1285 0 0 1 0 1 0 1
1290 0 0 1 0 0 0 1
1295 0 0 1 0 1 0 1
1300 0 0 1 0 1 0 1
1305 0 0 1 0 1 0 1
1310 0 0 1 0 0 0 1
1315 0 0 1 0 0 0 1
1320 0 0 0 0 0 0 0
1325 0 0 0 0 0 0 0
1330 0 0 0 0 0 0 0
1335 0 0 0 0 0 0 0
1340 0 0 0 0 0 0 0
1345 0 0 0 0 0 0 0
1350 0 0 0 0 0 0 0
1355 0 0 0 0 0 0 0
1360 0 0 0 0 0 0 0
1365 0 0 0 0 0 0 0
1370 0 0 0 0 0 0 0
1375 0 0 0 0 0 0 0
1380 0 0 0 0 0 0 0
1385 0 0 0 0 0 0 0
1390 0 0 0 0 0 0 0
1395 0 0 0 0 0 0 0
1400 0 0 0 0 0 0 0
1405 0 0 0 0 0 0 0
1410 0 0 0 0 0 0 0
1415 0 1 0 0 0 0 0
1420 0 1 0 0 0 0 0
1425 1 0 0 0 0 1 0
1430 1 0 0 0 0 1 0
1435 1 0 0 0 1 1 0
1440 1 0 0 0 1 1 0
1445 1 0 0 0 1 1 0
1450 1 0 0 0 1 1 0
1455 1 0 0 0 1 1 0
1460 1 0 0 0 1 1 0
1465 1 0 0 1 1 1 0
1470 0 1 1 0 1 0 1
1475 0 0 1 0 1 0 1
1480 0 0 1 0 1 0 1
1485 0 0 1 0 1 0 1
1490 0 0 1 0 1 0 1
1495 0 0 1 0 1 0 1
1500 0 0 1 0 1 0 1
1505 0 0 1 0 1 0 1
1510 0 0 1 0 1 0 1
1515 0 0 1 0 1 0 1
1520 0 0 1 0 1 0 1
1525 0 0 1 0 1 0 1
1530 0 0 1 0 1 0 1
1535 0 0 1 0 1 0 1
1540 0 0 1 0 1 0 1
1545 0 0 1 0 1 0 1
1550 0 0 1 0 1 0 1
1555 0 0 1 0 1 0 1
1560 0 0 1 0 1 0 1
1565 0 0 1 0 1 0 1
1570 0 0 1 0 0 0 1
1575 0 0 0 0 0 0 0
1580 0 0 0 0 0 0 0
1585 0 0 0 0 0 0 0
1590 0 0 0 0 0 0 0
1595 0 0 0 0 0 0 0
1600 0 0 0 0 0 0 0
1605 0 0 0 0 0 0 0
1610 0 0 0 0 0 0 0
1615 0 0 0 0 0 0 0
1620 0 0 0 0 0 0 0
1625 0 0 0 0 0 0 0
1630 0 0 0 0 0 0 0
1635 0 0 0 0 0 0 0
1640 0 0 0 0 0 0 0
1645 0 0 0 0 0 0 0
1650 0 0 0 0 0 0 0
1655 0 0 0 0 0 0 0
