0 0 0 0 0 0 0 0
5 0 0 0 0 0 0 0
10 0 0 0 0 0 0 0
15 0 0 0 0 0 0 0
20 0 0 0 0 0 0 0
25 0 0 0 0 0 0 0
30 0 0 0 0 0 0 0
35 0 0 0 0 0 0 0
40 0 0 0 0 0 0 0
45 0 0 0 0 0 0 0
50 0 0 0 0 0 0 0
55 0 0 0 0 0 0 0
60 0 0 0 0 0 0 0
65 0 0 0 1 0 0 0
70 0 0 0 0 0 0 0
75 0 0 0 0 0 0 0
80 0 0 0 1 0 0 0
85 0 0 0 1 0 0 0
90 0 0 0 1 0 0 0
95 0 0 0 1 0 0 0
100 0 0 0 1 0 0 0
105 0 0 1 0 0 0 1
110 0 0 1 0 0 0 1
115 0 0 1 0 0 0 1
120 0 0 1 0 1 0 1
125 0 0 1 0 1 0 1
130 0 0 1 0 1 0 1
135 0 0 1 0 1 0 1
140 0 0 1 0 1 0 1
145 0 0 1 0 1 0 1
150 0 0 1 0 1 0 1
155 0 0 1 0 1 0 1
160 0 1 1 0 1 0 1
165 0 1 1 0 1 0 1
170 0 1 1 0 1 0 1
175 0 1 1 0 1 0 1
180 1 0 1 0 1 1 1
185 1 0 0 1 1 1 0
190 1 0 0 0 1 1 0
195 1 0 0 0 1 1 0
200 1 0 0 0 1 1 0
205 1 0 0 0 1 1 0
210 1 0 0 0 1 1 0
215 1 0 0 0 1 1 0
220 1 0 0 0 1 1 0
225 1 0 0 0 1 1 0
230 1 0 0 0 1 1 0
235 1 0 0 0 0 1 0
240 1 0 0 0 0 1 0
245 1 0 0 0 0 1 0
250 0 0 0 0 0 0 0
255 0 0 0 0 0 0 0
260 0 0 0 0 0 0 0
265 0 0 0 0 0 0 0
270 0 0 0 0 0 0 0
275 0 0 0 0 0 0 0
280 0 0 0 0 0 0 0
285 0 0 0 0 0 0 0
290 0 0 0 0 0 0 0
295 0 0 0 0 0 0 0
300 0 0 0 0 0 0 0
305 0 0 0 0 0 0 0
310 0 0 0 1 0 0 0
315 0 0 0 1 0 0 0
320 0 0 1 0 0 0 1
325 0 0 1 0 0 0 1
330 0 0 1 0 0 0 1
335 0 0 1 0 1 0 1
340 0 0 1 0 1 0 1
345 0 0 1 0 1 0 1
350 0 0 1 0 1 0 1
355 0 0 1 0 1 0 1
360 0 0 1 0 1 0 1
365 0 1 1 0 1 0 1
370 0 1 1 0 1 0 1
375 0 1 1 0 1 0 1
380 1 0 1 0 1 1 1
385 1 0 0 1 1 1 0
390 1 0 0 0 1 1 0
395 1 0 0 0 1 1 0
400 1 0 0 0 1 1 0
405 1 0 0 0 1 1 0
410 1 0 0 0 1 1 0
415 1 0 0 0 1 1 0
420 1 0 0 0 1 1 0
425 1 0 0 0 1 1 0
430 1 0 0 0 1 1 0
435 1 0 0 0 0 1 0
440 1 0 0 0 0 1 0
445 1 0 0 0 0 1 0
450 0 0 0 0 0 0 0
455 0 0 0 0 0 0 0
460 0 0 0 0 0 0 0
465 0 0 0 0 0 0 0
470 0 0 0 0 0 0 0
475 0 0 0 0 0 0 0
480 0 0 0 0 0 0 0
485 0 0 0 0 0 0 0
490 0 0 0 1 0 0 0
495 0 0 0 1 0 0 0
500 0 0 0 1 0 0 0
505 0 0 0 1 0 0 0
510 0 0 0 1 0 0 0
515 0 0 0 1 0 0 0
520 0 0 1 0 0 0 1
525 0 0 1 0 0 0 1
530 0 0 1 0 1 0 1
535 0 0 1 0 1 0 1
540 0 0 1 0 1 0 1
545 0 0 1 0 1 0 1
550 0 0 1 0 1 0 1
555 0 1 1 0 1 0 1
560 0 1 1 0 1 0 1
565 1 0 1 0 1 1 1
570 1 0 0 1 1 1 0
575 1 0 0 0 1 1 0
580 1 0 0 0 1 1 0
585 1 0 0 0 1 1 0
590 1 0 0 0 1 1 0
595 1 0 0 0 0 1 0
600 0 0 0 0 0 0 0
605 0 0 0 0 0 0 0
610 0 0 0 0 0 0 0
615 0 0 0 0 0 0 0
620 0 0 0 0 0 0 0
625 0 0 0 0 0 0 0
630 0 0 0 0 0 0 0
635 0 0 0 1 0 0 0
640 0 0 0 1 0 0 0
645 0 0 0 1 0 0 0
650 0 0 0 1 0 0 0
655 0 0 1 0 0 0 1
660 0 0 1 0 0 0 1
665 0 0 1 0 1 0 1
670 0 0 1 0 1 0 1
675 0 0 1 0 1 0 1
680 0 0 1 0 1 0 1
685 0 0 1 0 1 0 1
690 0 1 1 0 1 0 1
695 0 1 1 0 1 0 1
700 1 0 0 1 1 1 0
705 1 0 0 0 1 1 0
710 1 0 0 0 1 1 0
715 1 0 0 0 1 1 0
720 1 0 0 0 1 1 0
725 1 0 0 0 1 1 0
730 1 0 0 0 0 1 0
735 0 0 0 0 0 0 0
740 0 0 0 0 0 0 0
745 0 0 0 0 0 0 0
750 0 0 0 0 0 0 0
755 0 0 0 0 0 0 0
760 0 0 0 0 0 0 0
765 0 0 0 1 0 0 0
770 0 0 0 1 0 0 0
775 0 0 0 1 0 0 0
780 0 0 1 0 0 0 1
785 0 0 1 0 0 0 1
790 0 0 1 0 0 0 1
795 0 0 1 0 1 0 1
800 0 0 1 0 1 0 1
805 0 0 1 0 1 0 1
810 0 1 1 0 1 0 1
815 0 1 1 0 1 0 1
820 0 1 1 0 1 0 1
825 1 0 1 0 1 1 1
830 1 0 0 0 1 1 0
835 1 0 0 0 1 1 0
840 1 0 0 0 1 1 0
845 1 0 0 0 1 1 0
850 1 0 0 0 0 1 0
855 1 0 0 0 0 1 0
860 1 0 0 0 0 1 0
865 1 0 0 0 0 1 0
870 1 0 0 0 0 1 0
875 0 0 0 0 0 0 0
880 0 0 0 0 0 0 0
885 0 0 0 0 0 0 0
890 0 0 0 0 0 0 0
895 0 0 0 0 0 0 0
900 0 0 0 0 0 0 0
905 0 0 0 0 0 0 0
910 0 0 0 0 0 0 0
915 0 0 0 0 0 0 0
920 0 0 0 0 0 0 0
925 0 0 0 0 0 0 0
930 0 0 0 0 0 0 0
935 0 0 0 1 0 0 0
940 0 0 0 1 0 0 0
945 0 0 0 1 0 0 0
950 0 0 0 1 0 0 0
955 0 0 0 1 0 0 0
960 0 0 0 0 0 0 0
965 0 0 0 0 0 0 0
970 0 0 0 0 0 0 0
975 0 0 0 0 0 0 0
980 0 0 0 1 0 0 0
985 0 0 0 1 0 0 0
990 0 0 0 0 0 0 0
995 0 0 0 0 0 0 0
1000 0 0 0 0 0 0 0
1005 0 0 0 0 0 0 0
1010 0 0 0 0 0 0 0
1015 0 0 0 1 0 0 0
1020 0 0 0 1 0 0 0
1025 0 0 0 1 0 0 0
1030 0 0 0 1 0 0 0
1035 0 0 0 1 0 0 0
1040 0 0 0 1 0 0 0
1045 0 0 0 1 0 0 0
1050 0 0 0 1 0 0 0
1055 0 0 1 0 0 0 1
1060 0 0 1 0 0 0 1
1065 0 0 1 0 0 0 1
1070 0 0 1 0 0 0 1
1075 0 0 1 0 1 0 1
1080 0 0 1 0 1 0 1
1085 0 0 1 0 1 0 1
1090 0 0 1 0 1 0 1
1095 0 0 1 0 1 0 1
1100 0 0 1 0 1 0 1
1105 0 0 1 0 1 0 1
1110 0 1 1 0 1 0 1
1115 0 1 1 0 1 0 1
1120 0 1 1 0 1 0 1
1125 1 0 0 1 1 1 0
1130 1 0 0 1 1 1 0
1135 1 0 0 0 1 1 0
1140 1 0 0 0 1 1 0
1145 1 0 0 0 1 1 0
1150 1 0 0 0 1 1 0
1155 1 0 0 0 1 1 0
1160 1 0 0 0 1 1 0
1165 1 0 0 0 0 1 0
1170 1 0 0 0 0 1 0
1175 1 0 0 0 0 1 0
1180 1 0 0 0 0 1 0
1185 0 0 0 0 0 0 0
1190 0 0 0 0 0 0 0
1195 0 0 0 0 0 0 0
1200 0 0 0 0 0 0 0
1205 0 0 0 0 0 0 0
1210 0 0 0 0 0 0 0
1215 0 0 0 0 0 0 0
1220 0 0 0 0 0 0 0
1225 0 0 0 0 0 0 0
1230 0 0 0 0 0 0 0
1235 0 0 0 0 0 0 0
1240 0 0 0 0 0 0 0
1245 0 0 0 0 0 0 0
1250 0 0 0 0 0 0 0
1255 0 0 0 0 0 0 0
1260 0 0 0 0 0 0 0
1265 0 0 0 0 0 0 0
