0 0 0 0 0 0 0 0
5 0 0 0 0 0 0 0
10 0 0 0 0 0 0 0
15 0 0 0 0 0 0 0
20 0 0 0 0 0 0 0
25 0 0 0 0 0 0 0
30 0 0 0 0 0 0 0
35 0 0 0 0 0 0 0
40 0 0 0 0 0 0 0
45 0 0 0 0 0 0 0
50 0 0 0 0 0 0 0
55 0 0 0 0 0 0 0
60 0 0 0 0 0 0 0
65 0 0 0 0 0 0 0
70 0 0 0 0 0 0 0
75 0 0 0 0 0 0 0
80 0 0 0 0 0 0 1
85 0 0 0 0 0 0 1
90 0 0 0 0 0 0 0
95 0 0 0 0 0 0 0
100 0 0 0 0 0 0 0
105 0 0 0 1 0 0 0
110 0 0 0 1 0 0 0
115 0 0 0 1 0 0 0
120 0 0 0 1 0 0 1
125 0 0 0 1 0 0 1
130 0 0 0 1 0 0 1
135 0 0 0 1 0 0 0
140 0 0 0 1 0 0 0
145 0 0 0 1 0 0 0
150 0 0 0 1 0 0 0
155 0 0 0 1 0 0 0
160 0 0 0 1 0 0 0
165 0 0 0 1 0 0 0
170 0 0 1 0 0 0 1
175 0 0 1 0 0 0 1
180 0 0 1 0 0 0 1
185 0 0 1 0 0 0 1
190 0 0 1 0 0 0 1
195 0 0 1 0 0 0 1
200 0 0 1 0 0 0 1
205 0 0 1 0 1 0 1
210 0 0 1 0 1 0 1
215 0 0 1 0 1 0 1
220 0 0 1 0 1 0 1
225 0 0 1 0 1 0 1
230 0 0 1 0 1 0 1
235 0 0 1 0 1 0 1
240 0 0 1 0 1 0 1
245 0 1 1 0 1 0 1
250 0 1 1 0 1 0 1
255 0 0 1 0 1 0 1
260 0 0 1 0 1 0 1
265 0 0 1 0 1 0 1
270 0 0 1 0 1 0 1
275 0 0 1 0 1 0 1
280 0 0 1 0 1 0 1
285 0 0 1 0 1 0 1
290 0 0 1 0 1 0 1
295 0 0 1 0 1 0 1
300 0 0 1 0 1 0 1
305 0 0 1 0 1 0 1
310 0 1 1 0 1 0 1
315 0 1 1 0 1 0 1
320 0 1 1 0 1 0 1
325 0 1 1 0 1 0 1
330 0 1 1 0 1 0 1
335 0 1 1 0 1 0 1
340 1 0 1 0 1 1 1
345 1 0 0 1 1 1 0
350 1 0 0 1 1 1 0
355 1 0 0 0 1 1 0
360 1 0 0 0 1 1 0
365 1 0 0 0 1 1 0
370 1 0 0 0 1 1 0
375 1 0 0 0 1 1 0
380 1 0 0 0 1 1 0
385 1 0 0 0 1 1 0
390 1 0 0 0 1 1 0
395 1 0 0 0 1 1 0
400 1 0 0 0 1 1 0
405 1 0 0 0 1 1 0
410 1 0 0 0 1 1 0
415 1 0 0 0 1 1 0
420 1 0 0 0 1 1 0
425 1 0 0 0 0 1 0
430 1 0 0 0 0 1 0
435 1 0 0 0 0 1 0
440 1 0 0 0 0 1 0
445 1 0 0 0 0 1 0
450 1 0 0 0 0 1 0
455 1 0 0 0 0 1 0
460 1 0 0 0 0 1 0
465 1 0 0 0 0 1 0
470 1 0 0 0 0 1 0
475 1 0 0 0 0 1 0
480 0 0 0 0 0 0 0
485 0 0 0 0 0 0 0
490 0 0 0 0 0 0 0
495 0 0 0 0 0 0 0
500 0 0 0 0 0 0 0
505 0 0 0 0 0 0 0
510 0 0 0 0 0 0 0
515 0 0 0 0 0 0 0
520 0 0 0 0 0 0 0
525 0 0 0 0 0 0 0
530 0 0 0 0 0 0 0
535 0 0 0 0 0 0 0
540 0 0 0 0 0 0 0
545 0 0 0 0 0 0 0
550 0 0 0 0 0 0 0
555 0 0 0 0 0 0 0
560 0 0 0 0 0 0 0
565 0 0 0 0 0 0 0
570 0 0 0 0 0 0 0
575 0 0 0 0 0 0 0
580 0 0 0 0 0 0 0
585 0 0 0 0 0 0 0
590 0 0 0 0 0 0 0
595 0 0 0 0 0 0 0
600 0 0 0 0 0 0 0
605 0 0 0 0 0 0 0
610 0 0 0 0 0 0 0
615 0 0 0 0 0 0 0
620 0 0 0 0 0 0 0
625 0 0 0 0 0 0 0
630 0 0 0 0 0 0 0
635 0 0 0 0 0 0 0
640 0 0 0 0 0 0 0
645 0 0 0 0 0 0 0
650 0 0 0 0 0 0 0
655 0 0 0 0 0 0 0
660 0 0 0 0 0 0 0
665 0 0 0 0 0 0 0
670 0 0 0 0 0 0 0
675 0 0 0 0 0 0 0
680 0 0 0 0 0 0 0
685 0 0 0 0 0 0 0
690 0 0 0 0 0 0 0
695 0 0 0 0 0 0 0
700 0 0 0 0 0 0 0
705 0 0 0 0 0 0 0
710 0 0 0 0 0 0 0
715 0 0 0 0 0 0 0
720 0 0 0 0 0 0 0
725 0 0 0 0 0 0 0
730 0 0 0 0 0 0 0
735 0 0 0 0 0 0 0
740 0 0 0 0 0 0 0
745 0 0 0 0 0 0 0
750 0 0 0 0 0 0 0
755 0 0 0 0 0 0 0
760 0 0 0 0 0 0 0
765 0 0 0 0 0 0 0
770 0 0 0 0 0 0 0
775 0 0 0 0 0 0 0
780 0 0 0 1 0 0 0
785 0 0 0 1 0 0 0
790 0 0 0 0 0 0 0
795 0 0 0 0 0 0 0
800 0 0 0 1 0 0 0
805 0 0 0 1 0 0 0
810 0 0 0 1 0 0 0
815 0 0 1 0 0 0 1
820 0 0 1 0 0 0 1
825 0 0 1 0 0 0 1
830 0 0 1 0 1 0 1
835 0 0 1 0 1 0 1
840 0 0 1 0 1 0 1
845 0 0 1 0 1 0 1
850 0 0 1 0 1 0 1
855 0 0 1 0 1 0 1
860 0 0 1 0 1 0 1
865 0 0 1 0 1 0 1
870 0 1 1 0 1 0 1
875 0 1 1 0 1 0 1
880 0 1 1 0 1 0 1
885 0 1 1 0 1 0 1
890 1 0 1 0 1 1 1
895 1 0 0 0 1 1 0
900 1 0 0 0 1 1 0
905 1 0 0 0 1 1 0
910 1 0 0 0 1 1 0
915 1 0 0 0 1 1 0
920 1 0 0 0 1 1 0
925 1 0 0 0 1 1 0
930 1 0 0 0 1 1 0
935 1 0 0 0 1 1 0
940 1 0 0 0 1 1 0
945 1 0 0 0 1 1 0
950 1 0 0 0 1 1 0
955 1 0 0 0 1 1 0
960 1 0 0 0 1 1 0
965 1 0 0 0 0 1 0
970 0 0 0 0 0 0 0
975 0 0 0 0 0 0 0
980 0 0 0 0 0 0 0
985 0 0 0 0 0 0 0
990 0 0 0 0 0 0 0
995 0 0 0 0 0 0 0
1000 0 0 0 0 0 0 0
1005 0 0 0 0 0 0 0
1010 0 0 0 1 0 0 0
1015 0 0 0 1 0 0 0
1020 0 0 0 0 0 0 0
1025 0 0 0 0 0 0 0
1030 0 0 0 0 0 0 0
1035 0 0 0 1 0 0 0
1040 0 0 0 1 0 0 0
1045 0 0 0 1 0 0 0
1050 0 0 0 0 0 0 0
1055 0 0 0 0 0 0 0
1060 0 0 0 0 0 0 0
1065 0 0 0 0 0 0 0
1070 0 0 1 0 0 0 1
1075 0 0 1 0 0 0 1
1080 0 0 1 0 0 0 1
1085 0 0 1 0 0 0 1
1090 0 0 1 0 0 0 1
1095 0 0 1 0 1 0 1
1100 0 0 1 0 1 0 1
1105 0 0 1 0 1 0 1
1110 0 1 1 0 1 0 1
1115 0 1 1 0 1 0 1
1120 0 0 1 0 1 0 1
1125 0 0 1 0 1 0 1
1130 0 0 1 0 1 0 1
1135 0 0 1 0 1 0 1
1140 0 1 1 0 1 0 1
1145 0 1 1 0 1 0 1
1150 0 1 1 0 1 0 1
1155 0 1 1 0 1 0 1
1160 0 1 1 0 1 0 1
1165 0 1 1 0 1 0 1
1170 0 1 1 0 1 0 1
1175 0 1 1 0 1 0 1
1180 0 1 1 0 1 0 1
1185 1 0 1 0 1 1 1
1190 1 0 0 0 1 1 0
1195 1 0 0 0 1 1 0
1200 1 0 0 0 1 1 0
1205 1 0 0 0 1 1 0
1210 1 0 0 0 1 1 0
1215 1 0 0 0 1 1 0
1220 1 0 0 0 1 1 0
1225 1 0 0 0 1 1 0
1230 1 0 0 0 1 1 0
1235 1 0 0 0 1 1 0
1240 1 0 0 0 1 1 0
1245 1 0 0 0 1 1 0
1250 1 0 0 0 1 1 0
1255 1 0 0 0 1 1 0
1260 1 0 0 0 1 1 0
1265 1 0 0 0 1 1 0
1270 1 0 0 0 1 1 0
1275 1 0 0 0 1 1 0
1280 1 0 0 0 1 1 0
1285 1 0 0 0 1 1 0
1290 1 0 0 0 1 1 0
1295 1 0 0 0 1 1 0
1300 1 0 0 0 1 1 0
1305 1 0 0 0 1 1 0
1310 1 0 0 0 1 1 0
1315 1 0 0 0 1 1 0
1320 1 0 0 0 0 1 0
1325 1 0 0 0 0 1 0
1330 1 0 0 0 0 1 0
1335 1 0 0 0 0 1 0
1340 1 0 0 0 0 1 0
1345 1 0 0 0 0 1 0
1350 0 0 0 0 0 1 0
1355 0 0 0 0 0 0 0
1360 0 0 0 0 0 0 0
1365 0 0 0 0 0 0 0
1370 0 0 0 0 0 0 0
1375 0 0 0 0 0 0 0
1380 0 0 0 0 0 0 0
1385 0 0 0 0 0 0 0
1390 0 0 0 0 0 0 0
1395 0 0 0 0 0 0 0
1400 0 0 0 0 0 0 0
1405 0 0 0 0 0 0 0
1410 0 0 0 0 0 0 0
1415 0 0 0 0 0 0 0
1420 0 0 0 0 0 0 0
1425 0 0 0 0 0 0 0
1430 0 0 0 0 0 0 0
1435 0 0 0 0 0 0 0
1440 0 0 0 0 0 0 0
1445 0 0 0 0 0 0 0
1450 0 0 0 0 0 0 0
1455 0 0 0 0 0 0 0
1460 0 0 0 0 0 0 0
1465 0 0 0 0 0 0 0
1470 0 0 0 0 0 0 0
1475 0 0 0 1 0 0 0
1480 0 0 0 1 0 0 0
1485 0 0 0 1 0 0 0
1490 0 0 1 0 0 0 1
1495 0 0 1 0 0 0 1
1500 0 0 1 0 0 0 1
1505 0 0 1 0 0 0 1
1510 0 0 1 0 0 0 1
1515 0 0 1 0 1 0 1
1520 0 0 1 0 1 0 1
1525 0 0 1 0 1 0 1
1530 0 0 1 0 1 0 1
1535 0 0 1 0 1 0 1
1540 0 0 1 0 1 0 1
1545 0 1 1 0 1 0 1
1550 0 1 1 0 1 0 1
1555 0 1 1 0 1 0 1
1560 0 0 1 0 1 0 1
1565 0 0 1 0 1 0 1
1570 0 1 1 0 1 0 1
1575 0 1 1 0 1 0 1
1580 0 0 0 0 0 0 0
1585 0 0 0 0 0 0 0
1590 0 0 0 0 0 0 0
1595 0 0 0 0 0 0 0
1600 0 0 0 0 0 0 0
1605 0 0 0 0 0 0 0
1610 0 0 0 0 0 0 0
1615 0 0 0 0 0 0 0
1620 0 0 0 0 0 0 0
1625 0 0 0 0 0 0 0
1630 0 0 0 0 0 0 0
1635 0 0 0 0 0 0 0
1640 0 0 0 0 0 0 0
1645 0 0 0 0 0 0 0
1650 0 0 0 0 0 0 0
1655 0 0 0 0 0 0 0
1660 0 0 0 0 0 0 0
1665 0 0 0 1 0 0 0
1670 0 0 0 1 0 0 0
1675 0 0 0 1 0 0 0
1680 0 0 0 1 0 0 0
1685 0 0 1 0 0 0 1
1690 0 0 1 0 0 0 1
1695 0 0 1 0 0 0 1
1700 0 0 1 0 1 0 1
1705 0 0 1 0 1 0 1
1710 0 0 1 0 1 0 1
1715 0 0 1 0 1 0 1
1720 0 0 1 0 1 0 1
1725 0 1 1 0 1 0 1
1730 0 1 1 0 1 0 1
1735 0 1 1 0 1 0 1
1740 0 1 1 0 1 0 1
1745 0 1 1 0 1 0 1
1750 0 1 1 0 1 0 1
1755 0 1 1 0 1 0 1
1760 0 1 1 0 1 0 1
1765 1 0 1 0 1 1 1
1770 1 0 1 0 1 1 1
1775 1 0 0 0 1 1 0
1780 1 0 0 0 1 1 0
1785 1 0 0 0 1 1 0
1790 1 0 0 0 1 1 0
1795 1 0 0 0 1 1 0
1800 1 0 0 0 1 1 0
1805 1 0 0 0 1 1 0
1810 1 0 0 0 1 1 0
1815 1 0 0 0 1 1 0
1820 1 0 0 0 1 1 0
1825 1 0 0 0 1 1 0
1830 1 0 0 0 1 1 0
1835 1 0 0 0 0 1 0
1840 1 0 0 0 0 1 0
1845 1 0 0 0 0 1 0
1850 0 0 0 0 0 0 0
1855 0 0 0 0 0 0 0
1860 0 0 0 0 0 0 0
1865 0 0 0 0 0 0 0
1870 0 0 0 0 0 0 0
1875 0 0 0 0 0 0 0
1880 0 0 0 0 0 0 0
1885 0 0 0 0 0 0 0
1890 0 0 0 0 0 0 0
1895 0 0 0 0 0 0 0
1900 0 0 0 0 0 0 0
1905 0 0 0 0 0 0 0
1910 0 0 0 0 0 0 0
1915 0 0 0 0 0 0 0
1920 0 0 0 0 0 0 0
1925 0 0 0 0 0 0 0
1930 0 0 0 0 0 0 0
1935 0 0 0 0 0 0 0
1940 0 0 0 0 0 0 0
1945 0 0 0 0 0 0 0
1950 0 0 0 0 0 0 0
1955 0 0 0 0 0 0 0
1960 0 0 0 0 0 0 0
1965 0 0 0 0 0 0 0
1970 0 0 0 0 0 0 0
1975 0 0 0 0 0 0 0
1980 0 0 0 0 0 0 0
1985 0 0 0 0 0 0 0
1990 0 0 0 0 0 0 0
1995 0 0 0 0 0 0 0
2000 0 0 0 0 0 0 0
2005 0 0 0 0 0 0 0
2010 0 0 0 1 0 0 0
2015 0 0 0 1 0 0 0
2020 0 0 0 1 0 0 0
2025 0 0 0 1 0 0 0
2030 0 0 0 0 0 0 0
2035 0 0 0 0 0 0 0
2040 0 0 0 0 0 0 0
2045 0 0 0 0 0 0 0
2050 0 0 0 0 0 0 0
2055 0 0 0 0 0 0 0
2060 0 0 0 0 0 0 0
2065 0 0 0 1 0 0 0
2070 0 0 0 1 0 0 0
2075 0 0 1 0 0 0 1
2080 0 0 1 0 0 0 1
2085 0 0 1 0 1 0 1
2090 0 0 1 0 1 0 1
2095 0 0 1 0 1 0 1
2100 0 0 1 0 1 0 1
2105 0 0 1 0 1 0 1
2110 0 0 1 0 1 0 1
2115 0 0 1 0 1 0 1
2120 0 0 1 0 1 0 1
2125 0 0 1 0 1 0 1
2130 0 1 1 0 1 0 1
2135 0 1 1 0 1 0 1
2140 0 1 1 0 1 0 1
2145 0 1 1 0 1 0 1
2150 0 0 0 0 0 0 0
2155 0 0 0 0 0 0 0
2160 0 0 0 0 0 0 0
2165 0 0 0 0 0 0 0
2170 0 0 0 0 0 0 0
2175 0 0 0 0 0 0 0
2180 0 0 0 0 0 0 0
2185 0 0 0 0 0 0 0
2190 0 0 0 0 0 0 0
2195 0 0 0 0 0 0 0
2200 0 0 0 0 0 0 0
2205 0 0 0 0 0 0 0
2210 0 0 0 0 0 0 0
2215 0 0 0 0 0 0 0
2220 0 0 0 0 0 0 0
2225 0 0 0 0 0 0 0
2230 0 0 0 0 0 0 0
2235 0 0 0 0 0 0 0
2240 0 0 0 0 0 0 0
2245 0 0 0 0 0 0 0
2250 0 0 0 0 0 0 0
2255 0 0 0 0 0 0 0
2260 0 0 0 0 0 0 0
2265 0 0 0 0 0 0 0
2270 0 0 0 0 0 0 0
2275 0 0 0 0 0 0 0
2280 0 0 0 0 0 0 0
