0 0 0 0 0 0 0 0
5 0 0 0 0 0 0 0
10 0 0 0 0 0 0 0
15 0 0 0 0 0 0 0
20 0 0 0 0 0 0 0
25 0 0 0 0 0 0 0
30 0 0 0 0 0 0 0
35 0 0 0 0 0 0 0
40 0 0 0 0 0 0 0
45 0 0 0 0 0 0 0
50 0 0 0 0 0 0 0
55 0 0 0 1 0 0 0
60 0 0 0 1 0 0 0
65 0 0 0 1 0 0 0
70 0 0 0 1 0 0 0
75 0 0 0 1 0 0 0
80 0 0 0 1 0 0 0
85 0 0 1 0 0 0 1
90 0 0 1 0 0 0 1
95 0 0 1 0 0 0 1
100 0 0 1 0 1 0 1
105 0 0 1 0 1 0 1
110 0 0 1 0 1 0 1
115 0 0 1 0 1 0 1
120 0 0 1 0 1 0 1
125 0 0 1 0 1 0 1
130 0 0 1 0 1 0 1
135 0 0 1 0 1 0 1
140 0 0 1 0 1 0 1
145 0 1 1 0 1 0 1
150 0 0 1 0 1 0 1
155 0 0 1 0 1 0 1
160 0 0 1 0 1 0 1
165 0 1 1 0 1 0 1
170 0 1 1 0 1 0 1
175 1 0 1 0 1 1 1
180 1 0 0 1 1 1 0
185 1 0 0 0 1 1 0
190 1 0 0 0 1 1 0
195 1 0 0 0 1 1 0
200 1 0 0 0 1 1 0
205 1 0 0 0 1 1 0
210 1 0 0 0 1 1 0
215 1 0 0 0 1 1 0
220 1 0 0 0 1 1 0
225 1 0 0 0 1 1 0
230 1 0 0 0 0 1 0
235 1 0 0 0 0 1 0
240 1 0 0 0 0 1 0
245 0 0 0 0 0 0 0
250 0 0 0 0 0 0 0
255 0 0 0 0 0 0 0
260 0 0 0 0 0 0 0
265 0 0 0 0 0 0 0
270 0 0 0 0 0 0 0
275 0 0 0 0 0 0 0
280 0 0 0 0 0 0 0
285 0 0 0 0 0 0 0
290 0 0 0 0 0 0 0
295 0 0 0 0 0 0 0
300 0 0 0 0 0 0 0
305 0 0 0 0 0 0 0
310 0 0 0 0 0 0 0
315 0 0 0 0 0 0 0
320 0 0 0 0 0 0 0
325 0 0 0 0 0 0 0
330 0 0 0 1 0 0 0
335 0 0 0 1 0 0 0
340 0 0 0 1 0 0 0
345 0 0 1 0 0 0 1
350 0 0 1 0 0 0 1
355 0 0 1 0 0 0 1
360 0 0 1 0 1 0 1
365 0 0 1 0 1 0 1
370 0 0 1 0 1 0 1
375 0 0 1 0 1 0 1
380 0 0 1 0 1 0 1
385 0 0 1 0 1 0 1
390 0 0 1 0 1 0 1
395 0 0 1 0 1 0 1
400 0 0 1 0 1 0 1
405 0 0 1 0 1 0 1
410 0 1 1 0 1 0 1
415 0 1 1 0 1 0 1
420 0 0 1 0 1 0 1
425 0 0 1 0 1 0 1
430 0 1 1 0 1 0 1
435 0 1 1 0 1 0 1
440 0 1 1 0 1 0 1
445 1 0 1 0 1 1 1
450 1 0 0 1 1 1 0
455 1 0 0 0 1 1 0
460 1 0 0 0 1 1 0
465 1 0 0 0 1 1 0
470 1 0 0 0 1 1 0
475 1 0 0 0 1 1 0
480 1 0 0 0 1 1 0
485 1 0 0 0 1 1 0
490 1 0 0 0 1 1 0
495 1 0 0 0 1 1 0
500 1 0 0 0 0 1 0
505 1 0 0 0 0 1 0
510 1 0 0 0 0 1 0
515 1 0 0 0 0 1 0
520 0 0 0 0 0 0 0
525 0 0 0 0 0 0 0
530 0 0 0 0 0 0 0
535 0 0 0 0 0 0 0
540 0 0 0 0 0 0 0
545 0 0 0 0 0 0 0
550 0 0 0 0 0 0 0
555 0 0 0 0 0 0 0
560 0 0 0 0 0 0 0
565 0 0 0 0 0 0 0
570 0 0 0 0 0 0 0
575 0 0 0 0 0 0 0
580 0 0 0 0 0 0 0
585 0 0 0 0 0 0 0
590 0 0 0 1 0 0 0
595 0 0 0 1 0 0 0
600 0 0 0 1 0 0 0
605 0 0 1 0 0 0 1
610 0 0 1 0 0 0 1
615 0 0 1 0 1 0 1
620 0 0 1 0 1 0 1
625 0 0 1 0 1 0 1
630 0 0 1 0 1 0 1
635 0 0 1 0 1 0 1
640 0 0 1 0 1 0 1
645 0 0 1 0 1 0 1
650 0 0 1 0 1 0 1
655 0 0 1 0 1 0 1
660 0 0 1 0 1 0 1
665 0 0 1 0 1 0 1
670 0 0 1 0 1 0 1
675 0 0 1 0 1 0 1
680 0 1 1 0 1 0 1
685 0 1 1 0 1 0 1
690 1 0 1 0 1 1 1
695 1 0 0 1 1 1 0
700 1 0 0 0 1 1 0
705 1 0 0 0 1 1 0
710 1 0 0 0 1 1 0
715 1 0 0 0 1 1 0
720 1 0 0 0 1 1 0
725 1 0 0 0 1 1 0
730 1 0 0 0 1 1 0
735 1 0 0 0 1 1 0
740 1 0 0 0 1 1 0
745 1 0 0 0 1 1 0
750 1 0 0 0 0 1 0
755 1 0 0 0 0 1 0
760 1 0 0 0 0 1 0
765 1 0 0 0 0 1 0
770 1 0 0 0 0 1 0
775 1 0 0 0 0 1 0
780 0 0 0 0 0 0 0
785 0 0 0 0 0 0 0
790 0 0 0 0 0 0 0
795 0 0 0 0 0 0 0
800 0 0 0 0 0 0 0
805 0 0 0 0 0 0 0
810 0 0 0 0 0 0 0
815 0 0 0 0 0 0 0
820 0 0 0 0 0 0 0
825 0 0 0 0 0 0 0
830 0 0 0 0 0 0 0
835 0 0 0 0 0 0 0
840 0 0 0 0 0 0 0
845 0 0 0 0 0 0 0
850 0 0 0 1 0 0 0
855 0 0 0 1 0 0 0
860 0 0 0 1 0 0 0
865 0 0 1 0 0 0 1
870 0 0 1 0 1 0 1
875 0 0 1 0 1 0 1
880 0 0 1 0 1 0 1
885 0 0 1 0 1 0 1
890 0 0 1 0 1 0 1
895 0 0 1 0 1 0 1
900 0 0 1 0 1 0 1
905 0 0 1 0 1 0 1
910 0 0 1 0 1 0 1
915 0 0 1 0 1 0 1
920 0 1 1 0 1 0 1
925 0 1 1 0 1 0 1
930 0 1 1 0 1 0 1
935 1 0 1 0 1 1 1
940 1 0 1 0 1 1 1
945 1 0 0 0 1 1 0
950 1 0 0 0 1 1 0
955 1 0 0 0 1 1 0
960 1 0 0 0 1 1 0
965 1 0 0 0 1 1 0
970 1 0 0 0 1 1 0
975 1 0 0 0 1 1 0
980 1 0 0 0 1 1 0
985 1 0 0 0 1 1 0
990 1 0 0 0 0 1 0
995 1 0 0 0 0 1 0
1000 1 0 0 0 0 1 0
1005 1 0 0 0 0 1 0
1010 1 0 0 0 0 1 0
1015 0 0 0 0 0 0 0
1020 0 0 0 0 0 0 0
1025 0 0 0 0 0 0 0
1030 0 0 0 0 0 0 0
1035 0 0 0 0 0 0 0
1040 0 0 0 0 0 0 0
1045 0 0 0 0 0 0 0
1050 0 0 0 0 0 0 0
1055 0 0 0 0 0 0 0
1060 0 0 0 0 0 0 0
1065 0 0 0 0 0 0 0
1070 0 0 0 0 0 0 0
1075 0 0 0 0 0 0 0
1080 0 0 0 0 0 0 0
1085 0 0 0 0 0 0 0
1090 0 0 0 1 0 0 0
1095 0 0 0 1 0 0 0
1100 0 0 1 0 0 0 1
1105 0 0 1 0 0 0 1
1110 0 0 1 0 1 0 1
1115 0 0 1 0 1 0 1
1120 0 0 1 0 1 0 1
1125 0 0 1 0 1 0 1
1130 0 0 1 0 1 0 1
1135 0 0 1 0 1 0 1
1140 0 0 1 0 1 0 1
1145 0 0 1 0 1 0 1
1150 0 1 1 0 1 0 1
1155 0 1 1 0 1 0 1
1160 0 1 1 0 1 0 1
1165 1 0 1 0 1 1 1
1170 1 0 0 1 1 1 0
1175 1 0 0 0 1 1 0
1180 1 0 0 0 1 1 0
1185 1 0 0 0 1 1 0
1190 1 0 0 0 1 1 0
1195 1 0 0 0 1 1 0
1200 1 0 0 0 1 1 0
1205 1 0 0 0 1 1 0
1210 1 0 0 0 1 1 0
1215 1 0 0 0 1 1 0
1220 1 0 0 0 1 1 0
1225 1 0 0 0 1 1 0
1230 1 0 0 0 0 1 0
1235 1 0 0 0 0 1 0
1240 1 0 0 0 0 1 0
1245 1 0 0 0 0 1 0
1250 1 0 0 0 0 1 0
1255 0 0 0 0 0 0 0
1260 0 0 0 0 0 0 0
1265 0 0 0 0 0 0 0
1270 0 0 0 0 0 0 0
1275 0 0 0 0 0 0 0
1280 0 0 0 0 0 0 0
1285 0 0 0 0 0 0 0
1290 0 0 0 0 0 0 0
1295 0 0 0 0 0 0 0
1300 0 0 0 0 0 0 0
1305 0 0 0 0 0 0 0
1310 0 0 0 0 0 0 0
1315 0 0 0 1 0 0 0
1320 0 0 0 1 0 0 0
1325 0 0 0 1 0 0 0
1330 0 0 1 0 0 0 1
1335 0 0 1 0 0 0 1
1340 0 0 1 0 1 0 1
1345 0 0 1 0 1 0 1
1350 0 0 1 0 1 0 1
1355 0 0 1 0 1 0 1
1360 0 0 1 0 1 0 1
1365 0 0 1 0 1 0 1
1370 0 0 1 0 1 0 1
1375 0 0 1 0 1 0 1
1380 0 0 1 0 1 0 1
1385 0 0 1 0 1 0 1
1390 0 0 1 0 1 0 1
1395 0 1 1 0 1 0 1
1400 0 1 1 0 1 0 1
1405 0 1 1 0 1 0 1
1410 1 0 1 0 1 1 1
1415 1 0 1 0 1 1 1
1420 1 0 1 0 1 1 1
1425 1 0 1 0 1 1 1
1430 1 0 0 0 1 1 0
1435 1 0 0 0 1 1 0
1440 1 0 0 0 1 1 0
1445 1 0 0 0 1 1 0
1450 1 0 0 0 1 1 0
1455 1 0 0 0 1 1 0
1460 1 0 0 0 1 1 0
1465 1 0 0 0 1 1 0
1470 1 0 0 0 1 1 0
1475 1 0 0 0 1 1 0
1480 1 0 0 0 1 1 0
1485 1 0 0 0 1 1 0
1490 1 0 0 0 1 1 0
1495 1 0 0 0 1 1 0
1500 1 0 0 0 1 1 0
1505 1 0 0 0 1 1 0
1510 1 0 0 0 1 1 0
1515 1 0 0 0 1 1 0
1520 1 0 0 0 1 1 0
1525 1 0 0 0 1 1 0
1530 1 0 0 0 0 1 0
1535 1 0 0 0 0 1 0
1540 1 0 0 0 0 1 0
1545 0 0 0 0 0 0 0
1550 0 0 0 0 0 0 0
1555 0 0 0 0 0 0 0
1560 0 0 0 0 0 0 0
1565 0 0 0 0 0 0 0
1570 0 0 0 0 0 0 0
1575 0 0 0 0 0 0 0
1580 0 0 0 0 0 0 0
1585 0 0 0 0 0 0 0
1590 0 0 0 0 0 0 0
1595 0 0 0 0 0 0 0
1600 0 0 0 0 0 0 0
1605 0 0 0 0 0 0 0
1610 0 0 0 0 0 0 0
1615 0 0 0 0 0 0 0
1620 0 0 0 0 0 0 0
1625 0 0 0 0 0 0 0
1630 0 0 0 0 0 0 0
