0 0 0 0 0 0 0 0
5 0 0 0 0 0 0 0
10 0 0 0 0 0 0 0
15 0 0 0 0 0 0 0
20 0 0 0 0 0 0 0
25 0 0 0 0 0 0 0
30 0 0 0 0 0 0 0
35 0 0 0 0 0 0 0
40 0 0 0 0 0 0 0
45 0 0 0 0 0 0 0
50 0 0 0 0 0 0 0
55 0 0 0 0 0 0 0
60 0 0 0 0 0 0 0
65 0 0 0 0 0 0 0
70 0 0 0 0 0 0 0
75 0 0 0 0 0 0 0
80 0 0 0 0 0 0 0
85 0 0 0 0 0 0 0
90 0 0 0 0 0 0 0
95 0 0 0 1 0 0 0
100 0 0 0 1 0 0 0
105 0 0 0 1 0 0 0
110 0 0 1 0 0 0 1
115 0 0 1 0 0 0 1
120 0 0 1 0 0 0 1
125 0 0 1 0 1 0 1
130 0 0 1 0 1 0 1
135 0 0 1 0 1 0 1
140 0 0 1 0 1 0 1
145 0 0 1 0 1 0 1
150 0 1 1 0 1 0 1
155 0 1 1 0 1 0 1
160 0 1 1 0 1 0 1
165 0 1 1 0 1 0 1
170 0 1 1 0 1 0 1
175 0 1 1 0 1 0 1
180 0 1 1 0 1 0 1
185 0 1 1 0 1 0 1
190 0 1 1 0 1 0 1
195 0 1 1 0 1 0 1
200 0 1 1 0 1 0 1
205 0 1 1 0 1 0 1
210 0 1 1 0 1 0 1
215 0 0 1 0 1 0 1
220 0 0 1 0 1 0 1
225 0 1 1 0 1 0 1
230 0 1 1 0 1 0 1
235 0 1 1 0 1 0 1
240 0 1 1 0 1 0 1
245 1 0 1 0 1 1 1
250 1 0 1 0 1 1 1
255 1 0 0 0 1 1 1
260 1 0 0 0 1 1 0
265 1 0 0 0 1 1 0
270 1 0 0 0 1 1 0
275 1 0 0 0 1 1 0
280 1 0 0 0 1 1 0
285 1 0 0 0 1 1 0
290 1 0 0 0 1 1 0
295 1 0 0 0 1 1 0
300 1 0 0 0 1 1 0
305 1 0 0 0 1 1 0
310 1 0 0 0 1 1 0
315 1 0 0 0 1 1 0
320 1 0 0 0 1 1 0
325 1 0 0 0 1 1 0
330 1 0 0 0 1 1 0
335 1 0 0 0 0 1 0
340 1 0 0 0 0 1 0
345 1 0 0 0 0 1 0
350 1 0 0 0 0 1 0
355 0 0 0 0 0 1 0
360 0 0 0 0 0 1 0
365 0 0 0 0 0 1 0
370 0 0 0 0 0 1 0
375 0 0 0 0 0 1 0
380 0 0 0 0 0 1 0
385 0 0 0 0 0 1 0
390 0 0 0 0 0 1 0
395 0 0 0 0 0 1 0
400 0 0 0 0 0 1 0
405 0 0 0 0 0 1 0
410 0 0 0 0 0 1 0
415 0 0 0 0 0 1 0
420 0 0 0 0 0 1 0
425 0 0 0 0 0 1 0
430 0 0 0 1 0 1 0
435 0 0 0 1 0 1 0
440 0 0 1 0 0 1 1
445 0 0 1 0 0 1 1
450 0 0 1 0 0 1 1
455 0 0 1 0 1 1 1
460 0 0 1 0 1 1 1
465 0 0 1 0 1 1 1
470 0 0 1 0 1 1 1
475 0 0 1 0 1 0 1
480 0 0 1 0 1 0 1
485 0 0 1 0 1 0 1
490 0 0 1 0 1 0 1
495 0 0 1 0 1 0 1
500 0 1 1 0 1 0 1
505 0 1 1 0 1 0 1
510 0 1 1 0 1 0 1
515 0 0 1 0 1 0 1
520 0 0 1 0 1 0 1
525 0 0 1 0 1 0 1
530 0 1 1 0 1 0 1
535 0 1 1 0 1 0 1
540 0 1 1 0 1 0 1
545 0 1 1 0 1 0 1
550 0 1 1 0 1 0 1
555 0 1 1 0 1 0 1
560 1 0 1 0 1 1 1
565 1 0 0 0 1 1 0
570 1 0 0 0 1 1 0
575 1 0 0 0 1 1 0
580 1 0 0 0 1 1 0
585 1 0 0 0 1 1 0
590 1 0 0 0 1 1 0
595 1 0 0 0 1 1 0
600 1 0 0 0 1 1 0
605 1 0 0 0 1 1 0
610 1 0 0 0 1 1 0
615 1 0 0 0 1 1 0
620 1 0 0 0 1 1 0
625 1 0 0 0 1 1 0
630 1 0 0 0 1 1 0
635 1 0 0 0 0 1 0
640 1 0 0 0 0 1 0
645 1 0 0 0 0 1 0
650 1 0 0 0 0 1 0
655 1 0 0 0 0 1 0
660 1 0 0 0 0 1 0
665 1 0 0 0 0 1 0
670 0 0 0 0 0 0 0
675 0 0 0 0 0 0 0
680 0 0 0 0 0 0 0
685 0 0 0 0 0 0 0
690 0 0 0 0 0 0 0
695 0 0 0 0 0 0 0
700 0 0 0 0 0 0 0
705 0 0 0 0 0 0 0
710 0 0 0 0 0 0 0
715 0 0 0 0 0 0 0
720 0 0 0 0 0 0 0
725 0 0 0 0 0 0 0
730 0 0 0 1 0 0 0
735 0 0 0 1 0 0 0
740 0 0 0 1 0 0 0
745 0 0 0 1 0 0 0
750 0 0 0 1 0 0 0
755 0 0 0 1 0 0 0
760 0 0 1 0 0 0 1
765 0 0 1 0 0 0 1
770 0 0 1 0 0 0 1
775 0 0 1 0 1 0 1
780 0 0 1 0 1 0 1
785 0 0 1 0 1 0 1
790 0 0 1 0 1 0 1
795 0 0 1 0 1 0 1
800 0 0 1 0 1 0 1
805 0 0 1 0 1 0 1
810 0 1 1 0 1 0 1
815 0 0 1 0 1 0 1
820 0 0 1 0 1 0 1
825 0 1 1 0 1 0 1
830 0 1 1 0 1 0 1
835 0 1 1 0 1 0 1
840 0 1 1 0 1 0 1
845 1 0 1 0 1 1 1
850 1 0 1 0 1 1 1
855 1 0 0 0 1 1 0
860 1 0 0 0 1 1 0
865 1 0 0 0 1 1 0
870 1 0 0 0 1 1 0
875 1 0 0 0 1 1 0
880 1 0 0 0 1 1 0
885 1 0 0 0 1 1 0
890 1 0 0 0 1 1 0
895 1 0 0 0 1 1 0
900 1 0 0 0 1 1 0
905 1 0 0 0 1 1 0
910 1 0 0 0 1 1 0
915 1 0 0 0 1 1 0
920 1 0 0 0 1 1 0
925 1 0 0 0 1 1 0
930 1 0 0 0 1 1 0
935 1 0 0 0 1 1 0
940 1 0 0 0 1 1 0
945 1 0 0 0 1 1 0
950 1 0 0 0 1 1 0
955 1 0 0 0 1 1 0
960 1 0 0 0 1 1 0
965 1 0 0 0 1 1 0
970 1 0 0 0 1 1 0
975 1 0 0 0 1 1 0
980 1 0 0 0 1 1 0
985 1 0 0 0 1 1 0
990 1 0 0 0 1 1 0
995 1 0 0 0 1 1 0
1000 1 0 0 0 1 1 0
1005 1 0 0 0 1 1 0
1010 1 0 0 0 1 1 0
1015 1 0 0 0 1 1 0
1020 1 0 0 0 1 1 0
1025 1 0 0 0 1 1 0
1030 1 0 0 0 1 1 0
1035 1 0 0 0 1 1 0
1040 1 0 0 0 1 1 0
1045 1 0 0 0 1 1 0
1050 1 0 0 0 1 1 0
1055 1 0 0 0 1 1 0
1060 1 0 0 0 0 1 0
1065 1 0 0 0 0 1 0
1070 1 0 0 0 0 1 0
1075 1 0 0 0 0 1 0
1080 1 0 0 0 0 1 0
1085 0 0 0 0 0 0 0
1090 0 0 0 0 0 0 0
1095 0 0 0 0 0 0 0
1100 0 0 0 0 0 0 0
1105 0 0 0 0 0 0 0
1110 0 0 0 0 0 0 0
1115 0 0 0 0 0 0 0
1120 0 0 0 0 0 0 0
1125 0 0 0 0 0 0 0
1130 0 0 0 0 0 0 0
1135 0 0 0 0 0 0 0
1140 0 0 0 0 0 0 0
1145 0 0 0 0 0 0 0
1150 0 0 0 0 0 0 0
1155 0 0 0 0 0 0 0
1160 0 0 0 0 0 0 0
1165 0 0 0 0 0 0 0
1170 0 0 0 0 0 0 0
1175 0 0 0 0 0 0 0
1180 0 0 0 0 0 0 0
1185 0 0 0 0 0 0 0
1190 0 0 0 0 0 0 0
1195 0 0 0 0 0 0 0
1200 0 0 0 0 0 0 0
1205 0 0 0 0 0 0 0
1210 0 0 0 0 0 0 0
1215 0 0 0 0 0 0 0
1220 0 0 0 0 0 0 0
1225 0 0 0 0 0 0 0
1230 0 0 0 0 0 0 0
1235 0 0 0 0 0 0 0
1240 0 0 0 0 0 0 0
1245 0 0 0 0 0 0 0
1250 0 0 0 0 0 0 0
1255 0 0 0 0 0 0 0
1260 0 0 0 0 0 0 0
1265 0 0 0 0 0 0 0
1270 0 0 0 0 0 0 0
1275 0 0 0 0 0 0 0
1280 0 0 0 0 0 0 0
1285 0 0 0 0 0 0 0
1290 0 0 0 0 0 0 0
1295 0 0 0 0 0 0 0
1300 0 0 0 0 0 0 0
1305 0 0 0 0 0 0 0
1310 0 0 0 0 0 0 0
1315 0 0 0 0 0 0 0
1320 0 0 0 1 0 0 0
1325 0 0 0 1 0 0 0
1330 0 0 0 1 0 0 0
1335 0 0 0 1 0 0 0
1340 0 0 0 1 0 0 0
1345 0 0 0 1 0 0 0
1350 0 0 0 1 0 0 1
1355 0 0 0 0 0 0 1
1360 0 0 0 0 0 0 1
1365 0 0 0 0 0 0 1
1370 0 0 0 0 0 0 1
1375 0 0 0 0 0 0 1
1380 0 0 0 0 0 0 1
1385 0 0 0 0 0 0 1
1390 0 0 0 0 0 0 1
1395 0 0 0 0 0 0 1
1400 0 0 0 0 0 0 1
1405 0 0 0 0 0 0 1
1410 0 0 0 0 0 0 1
1415 0 0 0 0 0 0 1
1420 0 0 0 0 0 0 1
1425 0 0 0 0 0 0 1
1430 0 0 0 0 0 0 1
1435 0 0 0 0 0 0 1
1440 0 0 0 0 0 0 1
1445 0 0 0 0 0 0 1
1450 0 0 0 0 0 0 1
1455 0 0 0 0 0 0 1
1460 0 0 0 0 0 0 1
1465 0 0 0 0 0 0 1
1470 0 0 0 0 0 0 1
1475 0 0 0 0 0 0 1
1480 0 0 0 0 0 0 1
1485 0 0 0 0 0 0 1
1490 0 0 0 1 0 0 1
1495 0 0 0 1 0 0 0
1500 0 0 0 1 0 0 0
1505 0 0 0 1 0 0 0
1510 0 0 0 1 0 0 0
1515 0 0 0 0 0 0 0
1520 0 0 0 0 0 0 0
1525 0 0 0 0 0 0 0
1530 0 0 0 1 0 0 0
1535 0 0 1 0 0 0 1
1540 0 0 1 0 0 0 1
1545 0 0 0 0 0 0 1
1550 0 0 0 0 0 0 0
1555 0 0 0 0 0 0 0
1560 0 0 0 0 0 0 0
1565 0 0 0 0 0 0 0
1570 0 0 0 0 0 0 0
1575 0 0 0 0 0 0 0
1580 0 0 0 1 0 0 0
1585 0 0 0 1 0 0 1
1590 0 0 0 1 0 0 0
1595 0 0 0 1 0 0 0
1600 0 0 0 1 0 0 1
1605 0 0 0 1 0 0 1
1610 0 0 0 1 0 0 1
1615 0 0 0 0 0 0 1
1620 0 0 0 0 0 0 0
1625 0 0 0 0 0 0 0
1630 0 0 0 0 0 0 0
1635 0 0 0 0 0 0 0
1640 0 0 0 0 0 0 0
1645 0 0 0 0 0 0 0
1650 0 0 0 0 0 0 0
1655 0 0 0 0 0 0 0
1660 0 0 0 0 0 0 0
1665 0 0 0 1 0 0 0
1670 0 0 0 1 0 0 0
1675 0 0 1 0 0 0 1
1680 0 0 1 0 0 0 1
1685 0 0 1 0 0 0 1
1690 0 0 1 0 1 0 1
1695 0 0 1 0 1 0 1
1700 0 0 1 0 1 0 1
1705 0 0 1 0 1 0 1
1710 0 0 1 0 1 0 1
1715 0 0 1 0 1 0 1
1720 0 0 1 0 1 0 1
1725 0 0 1 0 1 0 1
1730 0 0 1 0 1 0 1
1735 0 0 1 0 1 0 1
1740 0 0 1 0 1 0 1
1745 0 0 1 0 1 0 1
1750 0 0 1 0 1 0 1
1755 0 1 1 0 1 0 1
1760 0 1 1 0 1 0 1
1765 0 1 1 0 1 0 1
1770 1 0 1 0 1 1 1
1775 1 0 1 0 1 1 1
1780 1 0 0 0 1 1 0
1785 1 0 0 0 1 1 0
1790 1 0 0 0 1 1 0
1795 1 0 0 0 1 1 0
1800 1 0 0 0 1 1 0
1805 1 0 0 0 1 1 0
1810 1 0 0 0 1 1 0
1815 1 0 0 0 1 1 0
1820 1 0 0 0 1 1 0
1825 1 0 0 0 1 1 0
1830 1 0 0 0 1 1 0
1835 1 0 0 0 1 1 0
1840 1 0 0 0 0 1 0
1845 1 0 0 0 0 1 0
1850 0 0 0 0 0 0 0
1855 0 0 0 0 0 0 0
1860 0 0 0 0 0 0 0
1865 0 0 0 0 0 0 0
1870 0 0 0 0 0 0 0
1875 0 0 0 0 0 0 0
1880 0 0 0 0 0 0 0
1885 0 0 0 0 0 0 0
1890 0 0 0 0 0 0 0
1895 0 0 0 0 0 0 0
1900 0 0 0 0 0 0 0
1905 0 0 0 1 0 0 0
1910 0 0 0 1 0 0 0
1915 0 0 0 0 0 0 0
1920 0 0 0 0 0 0 0
1925 0 0 0 0 0 0 0
1930 0 0 0 0 0 0 0
1935 0 0 0 0 0 0 0
1940 0 0 0 0 0 0 0
1945 0 0 0 0 0 0 0
1950 0 0 0 0 0 0 0
1955 0 0 0 0 0 0 0
1960 0 0 0 0 0 0 0
1965 0 0 0 0 0 0 0
1970 0 0 0 0 0 0 0
1975 0 0 0 0 0 0 0
1980 0 0 0 0 0 0 0
1985 0 0 0 0 0 0 0
1990 0 0 0 0 0 0 0
1995 0 0 0 0 0 0 0
2000 0 0 0 0 0 0 0
2005 0 0 0 0 0 0 1
2010 0 0 0 0 0 0 1
2015 0 0 0 0 0 0 1
2020 0 0 0 0 0 0 0
2025 0 0 0 0 0 0 0
2030 0 0 0 0 0 0 0
2035 0 0 0 0 0 0 0
2040 0 0 0 0 0 0 0
2045 0 0 0 0 0 0 0
2050 0 0 0 0 0 0 0
2055 0 0 0 0 0 0 0
2060 0 0 0 0 0 0 0
2065 0 0 0 0 0 0 0
2070 0 0 0 0 0 0 0
2075 0 0 0 0 0 0 0
2080 0 0 0 0 0 0 0
2085 0 0 0 0 0 0 0
2090 0 0 0 0 0 0 0
2095 0 0 0 0 0 0 0
2100 0 0 0 0 0 0 0
2105 0 0 0 0 0 0 0
2110 0 0 0 0 0 0 0
2115 0 0 0 0 0 0 0
2120 0 0 0 0 0 0 0
2125 0 0 0 0 0 0 0
2130 0 0 0 0 0 0 0
2135 0 0 0 0 0 0 0
2140 0 0 0 0 0 0 0
2145 0 0 0 0 0 0 0
2150 0 0 0 0 0 0 0
2155 0 0 0 0 0 0 0
2160 0 0 0 0 0 0 1
2165 0 0 0 0 0 0 1
2170 0 0 0 0 0 0 1
2175 0 0 0 0 0 0 1
2180 0 0 0 0 0 0 1
2185 0 0 0 0 0 0 1
2190 0 0 0 0 0 0 1
2195 0 0 0 0 0 0 1
2200 0 0 0 0 0 0 1
2205 0 0 0 0 0 0 1
2210 0 0 0 0 0 0 1
2215 0 0 0 0 0 0 1
2220 0 0 0 0 0 0 1
2225 0 0 0 0 0 0 1
2230 0 0 0 0 0 0 1
2235 0 0 0 0 0 0 1
2240 0 0 0 0 0 0 1
2245 0 0 0 0 0 0 1
2250 0 0 0 0 0 0 1
2255 0 0 0 0 0 0 0
2260 0 0 0 0 0 0 0
2265 0 0 0 0 0 0 0
2270 0 0 0 0 0 0 0
2275 0 0 0 0 0 0 0
2280 0 0 0 0 0 0 0
2285 0 0 0 0 0 0 0
2290 0 0 0 0 0 0 0
2295 0 0 0 0 0 0 0
2300 0 0 0 0 0 0 0
2305 0 0 0 0 0 0 0
2310 0 0 0 0 0 0 0
2315 0 0 0 0 0 0 0
2320 0 0 0 0 0 0 0
2325 0 0 0 0 0 0 0
2330 0 0 0 0 0 0 0
2335 0 0 0 0 0 0 0
2340 0 0 0 1 0 0 0
2345 0 0 1 0 0 0 1
2350 0 0 1 0 0 0 1
2355 0 0 1 0 0 0 1
2360 0 0 1 0 1 0 1
2365 0 0 1 0 1 0 1
2370 0 0 1 0 1 0 1
2375 0 0 1 0 1 0 1
2380 0 0 1 0 1 1 1
2385 0 0 1 0 1 1 1
2390 0 0 1 0 1 1 1
2395 0 0 1 0 1 1 1
2400 0 0 1 0 1 1 1
2405 0 0 1 0 1 1 1
2410 0 0 1 0 1 1 1
2415 0 0 1 0 1 1 1
2420 0 0 1 0 1 1 1
2425 0 0 1 0 1 1 1
2430 0 0 1 0 1 0 1
2435 0 0 1 0 1 0 1
2440 0 0 1 0 1 0 1
2445 0 0 1 0 1 0 1
2450 0 1 1 0 1 0 1
2455 0 1 1 0 1 0 1
2460 0 1 1 0 1 0 1
2465 0 1 1 0 1 0 1
2470 0 1 1 0 1 0 1
2475 1 0 1 0 1 1 1
2480 1 0 0 1 1 1 0
2485 1 0 0 0 1 1 0
2490 1 0 0 0 1 1 0
2495 1 0 0 0 1 1 0
2500 1 0 0 0 1 1 0
2505 1 0 0 0 1 1 0
2510 1 0 0 0 1 1 0
2515 1 0 0 0 1 1 0
2520 1 0 0 0 1 1 0
2525 1 0 0 0 1 1 0
2530 1 0 0 0 1 1 0
2535 1 0 0 0 1 1 0
2540 1 0 0 0 1 1 0
2545 1 0 0 0 1 1 0
2550 1 0 0 0 1 1 0
2555 1 0 0 0 1 1 0
2560 1 0 0 0 1 1 0
2565 1 0 0 0 1 1 0
2570 1 0 0 0 1 1 0
2575 1 0 0 0 1 1 0
2580 1 0 0 0 0 1 0
2585 1 0 0 0 0 1 0
2590 1 0 0 0 0 1 0
2595 0 0 0 0 0 0 0
2600 0 0 0 0 0 0 0
2605 0 0 0 0 0 0 0
2610 0 0 0 0 0 0 0
2615 0 0 0 0 0 0 0
2620 0 0 0 0 0 0 0
2625 0 0 0 0 0 0 0
2630 0 0 0 0 0 0 0
2635 0 0 0 0 0 0 0
2640 0 0 0 0 0 0 0
2645 0 0 0 0 0 0 0
2650 0 0 0 0 0 0 0
2655 0 0 0 0 0 0 0
2660 0 0 0 0 0 0 0
2665 0 0 0 0 0 0 0
2670 0 0 0 0 0 0 0
2675 0 0 0 0 0 0 0
2680 0 0 0 0 0 0 0
2685 0 0 0 0 0 0 0
2690 0 0 0 0 0 0 0
2695 0 0 0 0 0 0 0
2700 0 0 0 0 0 0 0
2705 0 0 0 0 0 0 0
2710 0 0 0 0 0 0 0
2715 0 0 0 0 0 0 0
2720 0 0 0 0 0 0 1
2725 0 0 0 0 0 0 1
2730 0 0 0 0 0 0 0
2735 0 0 0 0 0 0 0
2740 0 0 0 0 0 0 0
2745 0 0 0 0 0 0 0
2750 0 0 0 0 0 0 0
2755 0 0 0 0 0 0 0
2760 0 0 0 0 0 0 0
2765 0 0 0 0 0 0 0
2770 0 0 0 0 0 0 0
2775 0 0 0 0 0 0 0
2780 0 0 0 0 0 0 0
2785 0 0 0 1 0 0 0
2790 0 0 0 1 0 0 0
2795 0 0 0 0 0 0 0
2800 0 0 0 0 0 0 0
2805 0 0 0 0 0 0 0
2810 0 0 0 0 0 0 0
2815 0 0 0 0 0 0 0
2820 0 0 0 1 0 0 0
2825 0 0 0 1 0 0 0
2830 0 0 0 1 0 0 0
2835 0 0 1 0 0 0 1
2840 0 0 1 0 0 0 1
2845 0 0 1 0 1 0 1
2850 0 0 1 0 1 0 1
2855 0 0 1 0 1 0 1
2860 0 0 1 0 1 0 1
2865 0 0 1 0 1 0 1
2870 0 0 1 0 1 0 1
2875 0 1 1 0 1 0 1
2880 0 1 1 0 1 0 1
2885 0 1 1 0 1 0 1
2890 0 1 1 0 1 0 1
2895 0 1 1 0 1 0 1
2900 0 1 1 0 1 0 1
2905 0 1 1 0 1 0 1
2910 0 1 1 0 1 0 1
2915 0 1 1 0 1 0 1
2920 1 0 1 0 1 1 1
2925 1 0 1 0 1 1 1
2930 1 0 0 1 1 1 0
2935 1 0 0 0 1 1 0
2940 1 0 0 0 1 1 0
2945 1 0 0 0 1 1 0
2950 1 0 0 0 1 1 0
2955 1 0 0 0 1 1 0
2960 1 0 0 0 1 1 0
2965 1 0 0 0 1 1 0
2970 1 0 0 0 1 1 0
2975 1 0 0 0 1 1 0
2980 1 0 0 0 1 1 0
2985 1 0 0 0 1 1 0
2990 1 0 0 0 1 1 0
2995 1 0 0 0 1 1 0
3000 1 0 0 0 1 1 0
3005 1 0 0 0 1 1 0
3010 1 0 0 0 1 1 0
3015 1 0 0 0 1 1 0
3020 1 0 0 0 1 1 0
3025 1 0 0 0 1 1 0
3030 1 0 0 0 1 1 0
3035 1 0 0 0 1 1 0
3040 1 0 0 0 1 1 0
3045 1 0 0 0 1 1 0
3050 1 0 0 0 1 1 0
3055 1 0 0 0 1 1 0
3060 1 0 0 0 1 1 0
3065 1 0 0 0 1 1 0
3070 1 0 0 0 1 1 0
3075 1 0 0 0 1 1 0
3080 1 0 0 0 1 1 0
3085 1 0 0 0 1 1 0
3090 1 0 0 0 1 1 0
3095 1 0 0 0 1 1 0
3100 1 0 0 0 1 1 0
3105 1 0 0 0 1 1 0
3110 1 0 0 0 1 1 0
3115 1 0 0 0 1 1 0
3120 1 0 0 0 1 1 0
3125 1 0 0 0 1 1 0
3130 0 0 0 0 1 0 0
3135 0 0 0 0 1 0 0
3140 0 0 0 0 1 0 0
3145 0 0 0 0 1 0 0
3150 0 0 0 0 1 0 0
3155 0 0 0 0 1 0 0
3160 0 0 0 0 1 0 0
3165 0 0 0 0 1 0 0
3170 0 0 0 0 1 0 0
3175 0 0 0 0 1 0 0
3180 0 0 0 0 1 0 0
3185 0 0 0 0 0 0 0
3190 0 0 0 0 0 0 0
3195 0 0 0 0 0 0 0
3200 0 0 0 0 0 0 0
3205 0 0 0 0 0 0 0
3210 0 0 0 0 0 0 0
3215 0 0 0 0 0 0 0
3220 0 0 0 0 0 0 0
3225 0 0 0 0 0 0 0
3230 0 0 0 0 0 0 0
3235 0 0 0 0 0 0 0
3240 0 0 0 0 0 0 0
3245 0 0 0 0 0 0 0
3250 0 0 0 0 0 0 0
3255 0 0 0 0 0 0 0
3260 0 0 0 0 0 0 0
