0 0 0 0 0 0 0 0
5 0 0 0 0 0 0 0
10 0 0 0 0 0 0 0
15 0 0 0 0 0 0 0
20 0 0 0 0 0 0 0
25 0 0 0 0 0 0 0
30 0 0 0 0 0 0 0
35 0 0 0 0 0 0 0
40 0 0 0 1 0 0 0
45 0 0 0 1 0 0 0
50 0 0 0 1 0 0 0
55 0 0 0 1 0 0 0
60 0 0 0 1 0 0 0
65 0 0 1 0 0 0 1
70 0 0 1 0 0 0 1
75 0 0 1 0 0 0 1
80 0 0 1 0 0 0 1
85 0 0 1 0 0 0 1
90 0 0 1 0 0 0 1
95 0 0 1 0 1 0 1
100 0 0 1 0 1 0 1
105 0 0 1 0 1 0 1
110 0 0 1 0 1 0 1
115 0 0 1 0 1 0 1
120 0 0 1 0 1 0 1
125 0 0 1 0 1 0 1
130 0 0 1 0 1 0 1
135 0 1 1 0 1 0 1
140 0 1 1 0 1 0 1
145 1 0 1 0 1 1 1
150 1 0 1 0 1 1 1
155 1 0 0 1 1 1 0
160 1 0 0 0 1 1 0
165 1 0 0 0 1 1 0
170 1 0 0 0 1 1 0
175 1 0 0 0 1 1 0
180 1 0 0 0 1 1 0
185 1 0 0 0 0 1 0
190 1 0 0 0 0 1 0
195 1 0 0 0 0 1 0
200 1 0 0 0 0 1 0
205 0 0 0 0 0 0 0
210 0 0 0 0 0 0 0
215 0 0 0 0 0 0 0
220 0 0 0 0 0 0 0
225 0 0 0 1 0 0 0
230 0 0 0 1 0 0 0
235 0 0 1 0 0 0 1
240 0 0 1 0 0 0 1
245 0 0 1 0 0 0 1
250 0 0 1 0 0 0 1
255 0 0 1 0 1 0 1
260 0 0 1 0 1 0 1
265 0 0 1 0 1 0 1
270 0 0 1 0 1 0 1
275 0 0 1 0 1 0 1
280 0 0 1 0 1 0 1
285 0 0 1 0 1 0 1
290 0 0 1 0 1 0 1
295 0 0 1 0 1 0 1
300 0 0 1 0 1 0 1
305 0 0 1 0 1 0 1
310 0 0 1 0 1 0 1
315 0 0 1 0 1 0 1
320 0 1 1 0 1 0 1
325 0 1 1 0 1 0 1
330 0 0 1 0 1 0 1
335 0 1 1 0 1 0 1
340 0 1 1 0 1 0 1
345 0 0 1 0 1 0 1
350 0 0 1 0 1 0 1
355 0 1 1 0 1 0 1
360 0 1 1 0 1 0 1
365 1 0 1 0 1 1 1
370 1 0 1 0 1 1 1
375 1 0 0 0 1 1 0
380 1 0 0 0 1 1 0
385 1 0 0 0 1 1 0
390 1 0 0 0 1 1 0
395 1 0 0 0 1 1 0
400 1 0 0 0 1 1 0
405 1 0 0 0 1 1 0
410 1 0 0 0 1 1 0
415 1 0 0 0 0 1 0
420 1 0 0 0 0 1 0
425 1 0 0 0 0 1 0
430 0 0 0 0 0 0 0
435 0 0 0 0 0 0 0
440 0 0 0 0 0 0 0
445 0 0 0 0 0 0 0
450 0 0 0 1 0 0 0
455 0 0 0 1 0 0 0
460 0 0 0 1 0 0 0
465 0 0 1 0 0 0 1
470 0 0 1 0 0 0 1
475 0 0 1 0 0 0 1
480 0 0 1 0 1 0 1
485 0 0 1 0 1 0 1
490 0 0 1 0 1 0 1
495 0 0 1 0 1 0 1
500 0 0 1 0 1 0 1
505 0 0 1 0 1 0 1
510 0 0 1 0 1 0 1
515 0 0 1 0 1 0 1
520 0 0 1 0 1 0 1
525 0 1 1 0 1 0 1
530 0 1 1 0 1 0 1
535 1 0 1 0 1 1 1
540 1 0 1 0 1 1 1
545 1 0 0 0 1 1 0
550 1 0 0 0 1 1 0
555 1 0 0 0 1 1 0
560 1 0 0 0 1 1 0
565 1 0 0 0 1 1 0
570 1 0 0 0 0 1 0
575 1 0 0 0 0 1 0
580 0 0 0 0 0 0 0
585 0 0 0 0 0 0 0
590 0 0 0 0 0 0 0
595 0 0 0 0 0 0 0
600 0 0 0 1 0 0 0
605 0 0 0 1 0 0 0
610 0 0 0 1 0 0 0
615 0 0 0 1 0 0 0
620 0 0 0 0 0 0 0
625 0 0 0 0 0 0 0
630 0 0 0 0 0 0 0
635 0 0 0 1 0 0 0
640 0 0 0 0 0 0 0
645 0 0 0 0 0 0 0
650 0 0 0 1 0 0 0
655 0 0 1 0 0 0 1
660 0 0 1 0 0 0 1
665 0 0 1 0 0 0 1
670 0 0 1 0 1 0 1
675 0 0 1 0 1 0 1
680 0 0 1 0 1 0 1
685 0 0 1 0 1 0 1
690 0 0 1 0 1 0 1
695 0 0 1 0 1 0 1
700 0 0 1 0 1 0 1
705 0 0 1 0 1 0 1
710 0 1 1 0 1 0 1
715 0 1 1 0 1 0 1
720 0 1 1 0 1 0 1
725 0 1 1 0 1 0 1
730 0 1 1 0 1 0 1
735 0 1 1 0 1 0 1
740 1 0 1 0 1 1 1
745 1 0 0 1 1 1 0
750 1 0 0 0 1 1 0
755 1 0 0 0 1 1 0
760 1 0 0 0 1 1 0
765 1 0 0 0 1 1 0
770 1 0 0 0 1 1 0
775 1 0 0 0 1 1 0
780 1 0 0 0 1 1 0
785 1 0 0 0 1 1 0
790 1 0 0 0 1 1 0
795 1 0 0 0 1 1 0
800 1 0 0 0 1 1 0
805 1 0 0 0 1 1 0
810 1 0 0 0 1 1 0
815 1 0 0 0 1 1 0
820 1 0 0 0 0 1 0
825 1 0 0 0 0 1 0
830 1 0 0 0 1 1 0
835 1 0 0 0 1 1 0
840 1 0 0 0 1 1 0
845 1 0 0 0 1 1 0
850 1 0 0 0 1 1 0
855 1 0 0 0 1 1 0
860 1 0 0 0 1 1 0
865 1 0 0 0 1 1 0
870 1 0 0 0 0 1 0
875 1 0 0 0 0 1 0
880 1 0 0 0 1 1 0
885 1 0 0 0 1 1 0
890 1 0 0 0 0 1 0
895 1 0 0 0 0 1 0
900 0 0 0 0 0 0 0
905 0 0 0 0 0 0 0
910 0 0 0 0 0 0 0
915 0 0 0 0 0 0 0
920 0 0 0 0 0 0 0
925 0 0 0 0 0 0 0
930 0 0 0 1 0 0 0
935 0 0 0 1 0 0 0
940 0 0 1 0 0 0 1
945 0 0 1 0 0 0 1
950 0 0 0 0 0 0 1
955 0 0 0 0 0 0 1
960 0 0 0 0 0 0 0
965 0 0 0 0 0 0 0
970 0 0 0 0 0 0 0
975 0 0 0 1 0 0 0
980 0 0 1 0 0 0 1
985 0 0 1 0 0 0 1
990 0 0 1 0 0 0 1
995 0 0 1 0 0 0 1
1000 0 0 1 0 0 0 1
1005 0 0 1 0 1 0 1
1010 0 0 1 0 1 0 1
1015 0 0 1 0 1 0 1
1020 0 0 1 0 1 0 1
1025 0 0 1 0 1 0 1
1030 0 0 1 0 1 0 1
1035 0 0 1 0 1 0 1
1040 0 0 1 0 1 0 1
1045 0 0 1 0 1 0 1
1050 0 1 1 0 1 0 1
1055 0 1 1 0 1 0 1
1060 0 1 1 0 1 0 1
1065 0 1 1 0 1 0 1
1070 0 1 1 0 1 0 1
1075 1 0 1 0 1 1 1
1080 1 0 0 1 1 1 0
1085 1 0 0 1 1 1 0
1090 1 0 0 0 1 1 0
1095 1 0 0 0 1 1 0
1100 1 0 0 0 1 1 0
1105 1 0 0 0 1 1 0
1110 1 0 0 0 1 1 0
1115 1 0 0 0 1 1 0
1120 1 0 0 0 0 1 0
1125 1 0 0 0 0 1 0
1130 0 0 0 0 0 0 0
1135 0 0 0 0 0 0 0
1140 0 0 0 0 0 0 0
1145 0 0 0 0 0 0 0
1150 0 0 0 0 0 0 0
1155 0 0 0 0 0 0 0
1160 0 0 0 0 0 0 0
1165 0 0 0 0 0 0 0
1170 0 0 0 0 0 0 0
1175 0 0 0 1 0 0 0
1180 0 0 1 0 0 0 1
1185 0 0 0 0 0 0 1
1190 0 0 0 0 0 0 1
1195 0 0 0 0 0 0 0
1200 0 0 0 0 0 0 0
1205 0 0 0 0 0 0 0
1210 0 0 0 0 0 0 0
1215 0 0 0 0 0 0 0
1220 0 0 0 0 0 0 0
1225 0 0 0 0 0 0 0
1230 0 0 0 0 0 0 0
1235 0 0 0 0 0 0 0
1240 0 0 0 0 0 0 0
1245 0 0 0 1 0 0 0
1250 0 0 1 0 0 0 1
1255 0 0 1 0 0 0 1
1260 0 0 1 0 1 0 1
1265 0 0 1 0 1 0 1
1270 0 0 1 0 1 0 1
1275 0 0 1 0 1 0 1
1280 0 0 1 0 1 0 1
1285 0 1 1 0 1 0 1
1290 0 1 1 0 1 0 1
1295 0 1 1 0 1 0 1
1300 0 0 1 0 1 0 1
1305 0 0 1 0 1 0 1
1310 0 0 1 0 1 0 1
1315 0 0 1 0 1 0 1
1320 0 0 1 0 1 0 1
1325 0 1 1 0 1 0 1
1330 0 1 1 0 1 1 1
1335 0 1 1 0 1 0 1
1340 0 1 1 0 1 0 1
1345 0 1 1 0 1 0 1
1350 1 0 1 0 1 1 1
1355 1 0 1 0 1 1 1
1360 1 0 1 0 1 1 1
1365 1 0 1 0 1 1 1
1370 1 0 0 1 1 1 0
1375 1 0 0 0 1 1 0
1380 1 0 0 0 1 1 0
1385 1 0 0 0 1 1 0
1390 1 0 0 0 1 1 0
1395 1 0 0 0 1 1 0
1400 1 0 0 0 1 1 0
1405 1 0 0 0 1 1 0
1410 1 0 0 0 1 1 0
1415 1 0 0 0 1 1 0
1420 1 0 0 0 0 1 0
1425 0 0 0 0 0 0 0
1430 0 0 0 0 0 0 0
1435 0 0 0 0 0 0 0
1440 0 0 0 0 0 0 0
1445 0 0 0 0 0 0 0
1450 0 0 0 0 0 0 0
1455 0 0 0 0 0 0 0
1460 0 0 0 0 0 0 0
1465 0 0 0 0 0 0 0
1470 0 0 0 0 0 0 0
1475 0 0 0 0 0 0 0
1480 0 0 0 0 0 0 0
1485 0 0 0 0 0 0 0
