0 0 0 0 0 0 0 0
5 0 0 0 0 0 0 0
10 0 0 0 0 0 0 0
15 0 0 0 0 0 0 0
20 0 0 0 0 0 0 0
25 0 0 0 0 0 0 0
30 0 0 0 0 0 0 0
35 0 0 0 0 0 0 0
40 0 0 0 0 0 0 0
45 0 0 0 0 0 0 0
50 0 0 0 0 0 0 0
55 0 0 0 0 0 0 0
60 0 0 0 0 0 0 0
65 0 0 0 0 0 0 0
70 0 0 0 0 0 0 0
75 0 0 0 0 0 0 0
80 0 0 0 0 0 0 0
85 0 0 0 0 0 0 0
90 0 0 0 0 0 0 0
95 0 0 0 0 0 0 0
100 0 0 0 0 0 0 0
105 0 0 0 0 0 0 0
110 0 0 0 0 0 0 0
115 0 0 0 0 0 0 0
120 0 0 0 0 0 0 0
125 0 0 0 0 0 0 0
130 0 0 0 0 0 0 0
135 0 0 0 1 0 0 0
140 0 0 1 0 0 0 1
145 0 0 1 0 0 0 1
150 0 0 1 0 0 0 1
155 0 0 1 0 1 0 1
160 0 0 1 0 1 0 1
165 0 0 1 0 1 0 1
170 0 0 1 0 1 0 1
175 0 0 1 0 1 0 1
180 0 0 1 0 1 0 1
185 0 0 1 0 1 0 1
190 0 1 1 0 1 0 1
195 0 1 1 0 1 0 1
200 1 0 1 0 1 1 1
205 1 0 0 1 1 1 0
210 1 0 0 0 1 1 0
215 1 0 0 0 1 1 0
220 1 0 0 0 1 1 0
225 1 0 0 0 1 1 0
230 1 0 0 0 1 1 0
235 1 0 0 0 0 1 0
240 1 0 0 0 0 1 0
245 0 0 0 0 0 0 0
250 0 0 0 0 0 0 0
255 0 0 0 0 0 0 0
260 0 0 0 0 0 0 0
265 0 0 0 0 0 0 0
270 0 0 0 0 0 0 0
275 0 0 0 0 0 0 0
280 0 0 0 0 0 0 0
285 0 0 0 0 0 0 0
290 0 0 0 0 0 0 0
295 0 0 0 0 0 0 0
300 0 0 0 1 0 0 0
305 0 0 1 0 0 0 1
310 0 0 1 0 0 0 1
315 0 0 1 0 0 0 1
320 0 0 1 0 0 0 1
325 0 0 1 0 0 0 1
330 0 0 1 0 1 0 1
335 0 0 1 0 1 0 1
340 0 0 1 0 1 0 1
345 0 0 1 0 1 0 1
350 0 0 1 0 1 0 1
355 0 1 1 0 1 0 1
360 0 1 1 0 1 0 1
365 0 1 1 0 1 0 1
370 0 1 1 0 1 0 1
375 0 1 1 0 1 0 1
380 0 1 1 0 1 0 1
385 1 0 1 0 1 1 1
390 1 0 0 1 1 1 0
395 1 0 0 0 1 1 0
400 1 0 0 0 1 1 0
405 1 0 0 0 1 1 0
410 1 0 0 0 1 1 0
415 1 0 0 0 0 1 0
420 1 0 0 0 0 1 0
425 0 0 0 0 0 0 0
430 0 0 0 0 0 0 0
435 0 0 0 0 0 0 0
440 0 0 0 0 0 0 0
445 0 0 0 0 0 0 0
450 0 0 0 0 0 0 0
455 0 0 0 0 0 0 0
460 0 0 0 0 0 0 0
465 0 0 0 0 0 0 0
470 0 0 0 1 0 0 0
475 0 0 0 1 0 0 0
480 0 0 1 0 0 0 1
485 0 0 1 0 0 0 1
490 0 0 1 0 0 0 1
495 0 0 1 0 1 0 1
500 0 0 1 0 1 0 1
505 0 0 1 0 1 0 1
510 0 0 1 0 1 0 1
515 0 0 1 0 1 0 1
520 0 0 1 0 1 0 1
525 0 0 1 0 1 0 1
530 0 1 1 0 1 0 1
535 0 1 1 0 1 0 1
540 0 1 1 0 1 0 1
545 1 0 1 0 1 1 1
550 1 0 0 1 1 1 0
555 1 0 0 1 1 1 0
560 1 0 0 0 1 1 0
565 1 0 0 0 1 1 0
570 1 0 0 0 1 1 0
575 1 0 0 0 1 1 0
580 1 0 0 0 1 1 0
585 1 0 0 0 1 1 0
590 1 0 0 0 1 1 0
595 1 0 0 0 0 1 0
600 1 0 0 0 0 1 0
605 0 0 0 0 0 0 0
610 0 0 0 0 0 0 0
615 0 0 0 0 0 0 0
620 0 0 0 0 0 0 0
625 0 0 0 0 0 0 0
630 0 0 0 0 0 0 0
635 0 0 0 0 0 0 0
640 0 0 0 0 0 0 0
645 0 0 0 0 0 0 0
650 0 0 0 0 0 0 0
655 0 0 0 0 0 0 0
660 0 0 0 0 0 0 0
665 0 0 0 1 0 0 0
670 0 0 0 1 0 0 0
675 0 0 0 1 0 0 0
680 0 0 0 1 0 0 0
685 0 0 0 1 0 0 0
690 0 0 1 0 0 0 1
695 0 0 1 0 0 0 1
700 0 0 1 0 0 0 1
705 0 0 1 0 0 0 1
710 0 0 1 0 0 0 1
715 0 0 0 0 0 0 1
720 0 0 0 0 0 0 1
725 0 0 0 1 0 0 0
730 0 0 0 1 0 0 0
735 0 0 1 0 0 0 1
740 0 0 1 0 0 0 1
745 0 0 1 0 0 0 1
750 0 0 1 0 0 0 1
755 0 0 1 0 1 0 1
760 0 0 1 0 1 0 1
765 0 0 1 0 1 0 1
770 0 0 1 0 1 0 1
775 0 0 1 0 1 0 1
780 0 1 1 0 1 0 1
785 0 1 1 0 1 0 1
790 0 1 1 0 1 0 1
795 0 1 1 0 1 0 1
800 1 0 1 0 1 1 1
805 1 0 0 1 1 1 0
810 1 0 0 0 1 1 0
815 1 0 0 0 1 1 0
820 1 0 0 0 1 1 0
825 1 0 0 0 1 1 0
830 1 0 0 0 1 1 0
835 1 0 0 0 1 1 0
840 1 0 0 0 0 1 0
845 1 0 0 0 0 1 0
850 1 0 0 0 1 1 0
855 1 0 0 0 1 1 0
860 1 0 0 0 1 1 0
865 1 0 0 0 0 1 0
870 1 0 0 0 0 1 0
875 1 0 0 0 0 1 0
880 1 0 0 0 0 1 0
885 1 0 0 0 0 1 0
890 1 0 0 0 0 1 0
895 1 0 0 0 0 1 0
900 0 0 0 0 0 0 0
905 0 0 0 0 0 0 0
910 0 0 0 0 0 0 0
915 0 0 0 0 0 0 0
920 0 0 0 0 0 0 0
925 0 0 0 0 0 0 0
930 0 0 0 0 0 0 0
935 0 0 0 0 0 0 0
940 0 0 0 0 0 0 0
945 0 0 0 0 0 0 0
950 0 0 0 0 0 0 0
955 0 0 0 0 0 0 0
960 0 0 0 0 0 0 0
965 0 0 0 0 0 0 0
970 0 0 0 1 0 0 0
975 0 0 0 1 0 0 0
980 0 0 1 0 0 0 1
985 0 0 1 0 0 0 1
990 0 0 1 0 0 0 1
995 0 0 1 0 1 0 1
1000 0 0 1 0 1 0 1
1005 0 0 1 0 1 0 1
1010 0 0 1 0 1 0 1
1015 0 1 1 0 1 0 1
1020 0 1 1 0 1 0 1
1025 0 1 1 0 1 0 1
1030 0 1 1 0 1 0 1
1035 0 1 1 0 1 0 1
1040 0 1 1 0 1 0 1
1045 1 0 1 0 1 1 1
1050 1 0 0 1 1 1 0
1055 1 0 0 0 1 1 0
1060 1 0 0 0 1 1 0
1065 1 0 0 0 1 1 0
1070 1 0 0 0 1 1 0
1075 1 0 0 0 1 1 0
1080 1 0 0 0 1 1 0
1085 1 0 0 0 0 1 0
1090 1 0 0 0 0 1 0
1095 1 0 0 0 0 1 0
1100 0 0 0 0 0 0 0
1105 0 0 0 0 0 0 0
1110 0 0 0 0 0 0 0
1115 0 0 0 0 0 0 0
1120 0 0 0 0 0 0 0
1125 0 0 0 0 0 0 0
1130 0 0 0 0 0 0 0
1135 0 0 0 0 0 0 0
1140 0 0 0 0 0 0 0
1145 0 0 0 0 0 0 0
1150 0 0 0 0 0 0 0
1155 0 0 0 0 0 0 0
1160 0 0 0 0 0 0 0
1165 0 0 0 0 0 0 0
1170 0 0 0 0 0 0 0
1175 0 0 0 0 0 0 0
1180 0 0 0 0 0 0 0
1185 0 0 0 0 0 0 0
1190 0 0 0 0 0 0 0
1195 0 0 0 0 0 0 0
1200 0 0 0 1 0 0 0
1205 0 0 0 1 0 0 0
1210 0 0 1 0 0 0 1
1215 0 0 1 0 0 0 1
1220 0 0 1 0 0 0 1
1225 0 0 1 0 0 0 1
1230 0 0 1 0 0 0 1
1235 0 0 1 0 0 0 1
1240 0 0 1 0 1 0 1
1245 0 0 1 0 1 0 1
1250 0 0 1 0 1 0 1
1255 0 0 1 0 1 0 1
1260 0 0 1 0 1 0 1
1265 0 0 1 0 1 0 1
1270 0 0 1 0 1 0 1
1275 0 0 1 0 1 0 1
1280 0 1 1 0 1 0 1
1285 1 0 0 0 1 1 1
1290 1 0 0 0 1 1 0
1295 1 0 0 0 1 1 0
1300 1 0 0 0 1 1 0
1305 1 0 0 0 1 1 0
1310 1 0 0 0 1 1 0
1315 1 0 0 0 1 1 0
1320 1 0 0 0 1 1 0
1325 1 0 0 0 1 1 0
1330 1 0 0 0 1 1 0
1335 1 0 0 0 0 1 0
1340 1 0 0 0 0 1 0
1345 0 0 0 0 0 0 0
1350 0 0 0 0 0 0 0
1355 0 0 0 0 0 0 0
1360 0 0 0 0 0 0 0
1365 0 0 0 0 0 0 0
1370 0 0 0 0 0 0 0
1375 0 0 0 0 0 0 0
1380 0 0 0 0 0 0 0
1385 0 0 0 0 0 0 0
1390 0 0 0 0 0 0 0
1395 0 0 0 0 0 0 0
1400 0 0 0 0 0 0 0
1405 0 0 0 0 0 0 0
1410 0 0 0 0 0 0 0
1415 0 0 0 0 0 0 0
1420 0 0 0 0 0 0 0
