0 0 0 0 0 0 0 0
5 0 0 0 0 0 0 0
10 0 0 0 0 0 0 0
15 0 0 0 0 0 0 0
20 0 0 0 0 0 0 0
25 0 0 0 0 0 0 0
30 0 0 0 0 0 0 0
35 0 0 0 0 0 0 0
40 0 0 0 0 0 0 0
45 0 0 0 0 0 0 0
50 0 0 0 0 0 0 0
55 0 0 0 0 0 0 0
60 0 0 0 0 0 0 0
65 0 0 0 0 0 0 0
70 0 1 0 0 0 0 0
75 0 1 0 0 0 0 0
80 0 1 0 0 0 0 0
85 1 0 0 0 0 1 0
90 1 0 0 0 0 1 0
95 1 0 0 0 0 1 0
100 1 0 0 0 1 1 0
105 1 0 0 0 1 1 0
110 1 0 0 0 1 1 0
115 1 0 0 0 1 1 0
120 1 0 0 0 1 1 0
125 1 0 0 0 1 1 0
130 1 0 0 0 1 1 0
135 1 0 0 0 1 1 0
140 1 0 0 0 1 1 0
145 1 0 0 0 1 1 0
150 1 0 0 0 1 1 0
155 1 0 0 0 1 1 0
160 1 0 0 0 1 1 0
165 1 0 0 1 1 1 0
170 1 0 0 1 1 1 0
175 1 0 0 1 1 1 0
180 1 0 0 1 1 1 0
185 1 0 1 0 1 1 1
190 1 0 1 0 1 1 1
195 0 0 1 0 1 0 1
200 0 0 1 0 1 0 1
205 0 0 1 0 1 0 1
210 0 0 1 0 1 0 1
215 0 0 1 0 1 0 1
220 0 0 1 0 1 0 1
225 0 0 1 0 1 0 1
230 0 0 1 0 1 0 1
235 0 0 1 0 1 0 1
240 0 0 1 0 0 0 1
245 0 0 1 0 0 0 1
250 0 0 1 0 0 0 1
255 0 0 1 0 0 0 1
260 0 0 1 0 0 0 1
265 0 0 0 0 0 0 0
270 0 0 0 0 0 0 0
275 0 0 0 0 0 0 0
280 0 0 0 0 0 0 0
285 0 0 0 0 0 0 0
290 0 0 0 0 0 0 0
295 0 0 0 0 0 0 0
300 0 0 0 0 0 0 0
305 0 0 0 0 0 0 0
310 0 1 0 0 0 0 0
315 0 1 0 0 0 0 0
320 1 0 0 0 0 1 0
325 1 0 0 0 0 1 0
330 1 0 0 0 0 1 0
335 1 0 0 0 1 1 0
340 1 0 0 0 1 1 0
345 1 0 0 0 1 1 0
350 1 0 0 0 1 1 0
355 1 0 0 0 1 1 0
360 1 0 0 0 1 1 0
365 1 0 0 0 1 1 0
370 1 0 0 0 1 1 0
375 1 0 0 0 1 1 0
380 1 0 0 0 1 1 0
385 1 0 0 0 1 1 0
390 1 0 0 0 1 1 0
395 1 0 0 1 1 1 0
400 1 0 0 1 1 1 0
405 1 0 0 1 1 1 0
410 1 0 0 1 1 1 0
415 1 0 0 1 1 1 0
420 1 0 1 0 1 1 1
425 1 0 1 0 1 1 1
430 0 0 1 0 1 0 1
435 0 0 1 0 1 0 1
440 0 0 1 0 1 0 1
445 0 0 1 0 1 0 1
450 0 0 1 0 1 0 1
455 0 0 1 0 1 0 1
460 0 0 1 0 1 0 1
465 0 0 1 0 1 0 1
470 0 0 1 0 1 0 1
475 0 0 1 0 0 0 1
480 0 0 1 0 0 0 1
485 0 0 1 0 0 0 1
490 0 0 1 0 0 0 1
495 0 0 1 0 0 0 1
500 0 0 1 0 0 0 1
505 0 0 1 0 0 0 1
510 0 0 1 0 0 0 1
515 0 0 1 0 0 0 1
520 0 0 1 0 0 0 1
525 0 0 1 0 0 0 1
530 0 0 1 0 0 0 1
535 0 0 1 0 0 0 1
540 0 0 1 0 0 0 1
545 0 0 1 0 0 0 1
550 0 0 1 0 0 0 1
555 0 0 1 0 0 0 1
560 0 0 1 0 0 0 1
565 0 0 1 0 0 0 1
570 0 0 1 0 0 0 1
575 0 0 1 0 0 0 1
580 0 0 1 0 0 0 1
585 0 0 1 0 0 0 1
590 0 0 0 0 0 0 0
595 0 0 0 0 0 0 0
600 0 0 0 0 0 0 0
605 0 0 0 0 0 0 0
610 0 0 0 0 0 0 0
615 0 0 0 0 0 0 0
620 0 0 0 0 0 0 0
625 0 0 0 0 0 0 0
630 0 0 0 0 0 0 0
635 0 0 0 0 0 0 0
640 0 0 0 0 0 0 0
645 0 0 0 0 0 0 0
650 0 0 0 0 0 0 0
655 0 1 0 0 0 0 0
660 0 1 0 0 0 0 0
665 1 0 0 0 0 1 0
670 1 0 0 0 0 1 0
675 1 0 0 0 0 1 0
680 1 0 0 0 0 1 0
685 1 0 0 0 0 1 0
690 1 0 0 0 0 1 0
695 1 0 0 0 0 1 0
700 1 0 0 0 0 1 0
705 1 0 0 0 0 1 0
710 1 0 0 0 0 1 0
715 1 0 0 0 0 1 0
720 1 0 0 0 0 1 0
725 1 0 0 0 0 1 0
730 1 0 0 0 0 1 0
735 1 0 0 0 0 1 0
740 1 0 0 0 0 1 0
745 1 0 0 0 0 1 0
750 1 0 0 0 0 1 0
755 1 0 0 0 0 1 0
760 1 0 0 0 0 1 0
765 1 0 0 0 0 1 0
770 1 0 0 0 0 1 0
775 1 0 0 0 0 1 0
780 1 0 0 0 0 1 0
785 1 0 0 0 0 1 0
790 1 0 0 0 0 1 0
795 1 0 0 0 0 1 0
800 1 0 0 0 0 1 0
805 1 0 0 0 0 1 0
810 1 0 0 0 0 1 0
815 1 0 0 0 0 1 0
820 1 0 0 0 0 1 0
825 1 0 0 0 0 1 0
830 1 0 0 0 0 1 0
835 1 0 0 0 0 1 0
840 1 0 0 0 0 1 0
845 1 0 0 0 0 1 0
850 1 0 0 0 0 1 0
855 1 0 0 0 0 1 0
860 1 0 0 0 0 1 0
865 1 0 0 0 0 1 0
870 1 0 0 0 0 1 0
875 1 0 0 0 0 1 0
880 1 0 0 0 0 1 0
885 1 0 0 0 0 1 0
890 1 0 0 0 0 1 0
895 1 0 0 0 0 1 0
900 1 0 0 0 0 1 0
905 1 0 0 0 0 1 0
910 1 0 0 0 0 1 0
915 1 0 0 0 0 1 0
920 1 0 0 0 0 1 0
925 1 0 0 0 0 1 0
930 1 0 0 0 0 1 0
935 1 0 0 0 0 1 0
940 1 0 0 0 0 1 0
945 1 0 0 0 0 1 0
950 1 0 0 0 0 1 0
955 1 0 0 0 0 1 0
960 1 0 0 0 0 1 0
965 1 0 0 0 0 1 0
970 1 0 0 0 0 1 0
975 1 0 0 0 0 1 0
980 1 0 0 0 0 1 0
985 1 0 0 0 0 1 0
990 1 0 0 0 0 1 0
995 1 0 0 0 0 1 0
1000 1 0 0 0 0 1 0
1005 1 0 0 0 0 1 0
1010 1 0 0 0 0 1 0
1015 1 0 0 0 0 1 0
1020 1 0 0 0 0 1 0
1025 1 0 0 0 0 1 0
1030 1 0 0 0 0 1 0
1035 1 0 0 0 0 1 0
1040 1 0 0 0 0 1 0
1045 1 0 0 0 0 1 0
1050 1 0 0 0 0 1 0
1055 1 0 0 0 0 1 0
1060 1 0 0 0 0 1 0
1065 1 0 0 0 0 1 0
1070 1 0 0 0 0 1 0
1075 1 0 0 0 0 1 0
1080 1 0 0 0 0 1 0
1085 1 0 0 0 0 1 0
1090 1 0 0 0 0 1 0
1095 1 0 0 0 0 1 0
1100 1 0 0 0 0 1 0
1105 1 0 0 0 0 1 0
1110 1 0 0 0 0 1 0
1115 1 0 0 0 0 1 0
1120 1 0 0 0 0 1 0
1125 1 0 0 0 0 1 0
1130 1 0 0 0 0 1 0
1135 1 0 0 0 0 1 0
1140 1 0 0 0 0 1 0
1145 1 0 0 0 0 1 0
1150 1 0 0 0 0 1 0
1155 1 0 0 0 0 1 0
1160 1 0 0 0 0 1 0
1165 1 0 0 0 0 1 0
1170 1 0 0 0 0 1 0
1175 1 0 0 0 0 1 0
1180 1 0 0 0 0 1 0
1185 1 0 0 0 0 1 0
1190 1 0 0 0 0 1 0
1195 1 0 0 0 0 1 0
1200 1 0 0 0 0 1 0
1205 1 0 0 0 0 1 0
1210 1 0 0 0 0 1 0
1215 1 0 0 0 0 1 0
1220 1 0 0 0 0 1 0
1225 1 0 0 0 0 1 0
1230 1 0 0 0 0 1 0
1235 1 0 0 0 0 1 0
1240 1 0 0 0 0 1 0
1245 1 0 0 0 0 1 0
1250 1 0 0 0 0 1 0
1255 1 0 0 0 0 1 0
1260 1 0 0 0 1 1 0
1265 1 0 0 0 1 1 0
1270 1 0 0 0 1 1 0
1275 1 0 0 0 1 1 0
1280 1 0 0 0 1 1 0
1285 1 0 0 0 1 1 0
1290 1 0 0 0 1 1 0
1295 1 0 0 0 1 1 0
1300 1 0 0 0 1 1 0
1305 1 0 0 0 1 1 0
1310 1 0 0 0 1 1 0
1315 1 0 0 0 1 1 0
1320 1 0 0 0 1 1 0
1325 1 0 0 1 1 1 0
1330 1 0 0 1 1 1 0
1335 1 0 0 1 1 1 0
1340 1 0 0 1 1 1 0
1345 1 0 0 1 1 1 0
1350 1 0 0 1 1 1 0
1355 1 0 0 0 1 1 0
1360 1 0 0 0 1 1 0
1365 1 0 0 0 1 1 0
1370 1 0 0 0 1 1 0
1375 1 0 0 1 1 1 0
1380 1 0 0 1 1 1 0
1385 1 0 0 1 1 1 0
1390 1 0 0 1 1 1 0
1395 1 0 0 1 1 1 0
1400 1 0 0 1 1 1 0
1405 1 0 0 1 1 1 0
1410 1 0 0 1 1 1 0
1415 1 0 0 1 1 1 0
1420 1 0 0 1 1 1 0
1425 1 0 0 1 1 1 0
1430 1 0 0 1 1 1 0
1435 1 0 0 1 1 1 0
1440 1 0 0 1 1 1 0
1445 1 0 0 1 1 1 0
1450 1 0 0 1 1 1 0
1455 1 0 0 1 1 1 0
1460 1 0 0 1 1 1 0
1465 1 0 1 0 1 1 1
1470 1 0 1 0 1 1 1
1475 0 0 1 0 1 0 1
1480 0 0 1 0 1 0 1
1485 0 0 1 0 1 0 1
1490 0 0 1 0 1 0 1
1495 0 0 1 0 1 0 1
1500 0 0 1 0 1 0 1
1505 0 0 1 0 1 0 1
1510 0 0 1 0 0 0 1
1515 0 0 1 0 0 0 1
1520 0 0 0 0 0 0 0
1525 0 0 0 0 0 0 0
1530 0 0 0 0 0 0 0
1535 0 0 0 0 0 0 0
1540 0 0 0 0 0 0 0
1545 0 0 0 0 0 0 0
1550 0 0 0 0 0 0 0
1555 0 0 0 0 0 0 0
1560 0 0 0 0 0 0 0
1565 0 0 0 0 0 0 0
1570 0 0 0 0 0 0 0
1575 0 0 0 0 0 0 0
1580 0 0 0 0 0 0 0
1585 0 0 0 0 0 0 0
1590 0 0 0 0 0 0 0
1595 0 0 0 0 0 0 0
1600 0 0 0 0 0 0 0
1605 0 0 0 0 0 0 0
1610 0 0 0 0 0 0 0
1615 0 0 0 0 0 0 0
1620 0 0 0 0 0 0 0
1625 0 0 0 0 0 0 0
1630 0 0 0 0 0 0 0
1635 0 0 0 0 0 0 0
1640 0 0 0 0 0 0 0
1645 0 0 0 0 0 0 0
1650 0 0 0 0 0 0 0
1655 0 0 0 0 0 0 0
1660 0 0 0 0 0 0 0
1665 0 0 0 0 0 0 0
1670 0 0 0 0 0 0 0
1675 0 0 0 0 0 0 0
1680 0 0 0 0 0 0 0
1685 0 0 0 0 0 0 0
1690 0 0 0 0 0 0 0
1695 0 0 0 0 0 0 0
1700 0 1 0 0 0 0 0
1705 0 1 0 0 0 0 0
1710 0 1 0 0 0 0 0
1715 0 1 0 0 0 0 0
1720 0 1 0 0 0 0 0
1725 1 0 0 0 0 1 0
1730 1 0 0 0 0 1 0
1735 1 0 0 0 0 1 0
1740 1 0 0 0 0 1 0
1745 1 0 0 0 1 1 0
1750 1 0 0 0 1 1 0
1755 1 0 0 0 1 1 0
1760 1 0 0 0 1 1 0
1765 1 0 0 0 1 1 0
1770 1 0 0 0 1 1 0
1775 1 0 0 0 1 1 0
1780 1 0 0 1 1 1 0
1785 1 0 0 1 1 1 0
1790 1 0 0 1 1 1 0
1795 1 0 0 1 1 1 0
1800 1 0 0 1 1 1 0
1805 1 0 0 1 1 1 0
1810 1 0 1 0 1 1 1
1815 1 0 0 0 1 1 0
1820 1 0 0 1 1 1 0
1825 1 0 0 1 1 1 0
1830 1 0 0 1 1 1 0
1835 1 0 0 1 1 1 0
1840 1 0 0 1 1 1 0
1845 1 0 0 0 1 1 0
1850 1 0 0 0 1 1 0
1855 1 0 0 1 1 1 0
1860 1 0 0 0 1 1 0
1865 1 0 0 0 1 1 0
1870 1 0 0 1 1 1 0
1875 1 0 0 1 1 1 0
1880 1 0 1 0 1 1 1
1885 1 0 1 0 1 1 1
1890 0 0 1 0 1 1 1
1895 0 0 1 0 1 0 1
1900 0 0 1 0 1 0 1
1905 0 0 1 0 1 0 1
1910 0 0 1 0 1 0 1
1915 0 0 1 0 1 0 1
1920 0 0 1 0 1 0 1
1925 0 0 1 0 1 0 1
1930 0 0 1 0 1 0 1
1935 0 0 1 0 1 0 1
1940 0 0 1 0 1 0 1
1945 0 0 1 0 1 0 1
1950 0 0 1 0 1 0 1
1955 0 0 1 0 1 0 1
1960 0 0 1 0 1 0 1
1965 0 0 1 0 1 0 1
1970 0 0 1 0 0 0 1
1975 0 0 1 0 0 0 1
1980 0 0 1 0 0 0 1
1985 0 0 0 0 0 0 0
1990 0 0 0 0 0 0 0
1995 0 0 0 0 0 0 0
2000 0 0 0 0 0 0 0
2005 0 0 0 0 0 0 0
2010 0 0 0 0 0 0 0
2015 0 0 0 0 0 0 0
2020 0 0 0 0 0 0 0
2025 0 0 0 0 0 0 0
2030 0 0 0 0 0 0 0
2035 0 0 0 0 0 0 0
2040 0 0 0 0 0 0 0
2045 0 0 0 0 0 0 0
2050 0 0 0 0 0 0 0
2055 0 0 0 0 0 0 0
2060 0 0 0 0 0 0 0
2065 0 0 0 0 0 0 0
2070 0 0 0 0 0 0 0
2075 0 0 0 0 0 0 0
2080 0 1 0 0 0 0 0
2085 0 1 0 0 0 0 0
2090 0 1 0 0 0 0 0
2095 0 1 0 0 0 0 0
2100 0 1 0 0 0 1 0
2105 0 0 0 0 0 1 0
2110 0 0 0 0 0 1 0
2115 0 0 0 0 0 1 0
2120 0 0 0 0 0 1 0
2125 0 0 0 0 0 1 0
2130 0 0 0 0 0 1 0
2135 0 0 0 0 0 0 0
2140 0 0 0 0 0 0 0
2145 0 1 0 0 0 0 0
2150 0 1 0 0 0 0 0
2155 0 1 0 0 0 0 0
2160 1 0 0 0 0 0 0
2165 1 0 0 0 0 0 0
2170 1 0 0 0 0 0 0
2175 1 0 0 0 0 0 0
2180 1 0 0 0 0 1 0
2185 1 0 0 0 1 1 0
2190 1 0 0 0 1 1 0
2195 1 0 0 0 1 1 0
2200 1 0 0 0 1 1 0
2205 1 0 0 0 1 1 0
2210 1 0 0 0 1 1 0
2215 1 0 0 0 1 1 0
2220 1 0 0 1 1 1 0
2225 1 0 0 0 1 1 0
2230 1 0 0 0 1 1 0
2235 1 0 0 0 1 1 0
2240 1 0 0 0 1 1 0
2245 1 0 1 0 1 1 0
2250 1 0 1 0 1 1 1
2255 0 1 1 0 1 0 1
2260 0 0 1 0 1 0 1
2265 0 0 1 0 1 0 1
2270 0 0 1 0 1 0 1
2275 0 0 1 0 1 0 1
2280 0 0 1 0 1 0 1
2285 0 0 1 0 1 0 1
2290 0 0 1 0 1 0 1
2295 0 0 1 0 1 0 1
2300 0 0 1 0 1 0 1
2305 0 0 1 0 0 0 1
2310 0 0 1 0 0 0 1
2315 0 0 1 0 0 0 1
2320 0 0 1 0 0 0 1
2325 0 0 1 0 0 0 1
2330 0 0 1 0 0 0 1
2335 0 0 1 0 0 0 1
2340 0 0 1 0 0 0 1
2345 0 0 1 0 0 0 1
2350 0 0 1 0 0 0 1
2355 0 0 0 0 0 0 0
2360 0 0 0 0 0 0 0
2365 0 0 0 0 0 0 0
2370 0 0 0 0 0 0 0
2375 0 0 0 0 0 0 0
2380 0 0 0 0 0 0 0
2385 0 0 0 0 0 0 0
2390 0 0 0 0 0 0 0
2395 0 0 0 0 0 0 0
2400 0 1 0 0 0 0 0
2405 0 1 0 0 0 0 0
2410 0 1 0 0 0 0 0
2415 0 1 0 0 0 0 0
2420 0 1 0 0 0 0 0
2425 0 1 0 0 0 0 0
2430 0 1 0 0 0 0 0
2435 1 0 0 0 0 1 0
2440 1 0 0 0 0 1 0
2445 1 0 0 0 0 1 0
2450 1 0 0 0 1 1 0
2455 1 0 0 0 1 1 0
2460 1 0 0 0 1 1 0
2465 1 0 0 0 1 1 0
2470 1 0 0 0 1 1 0
2475 1 0 0 0 1 1 0
2480 1 0 0 0 1 1 0
2485 1 0 0 0 1 1 0
2490 1 0 0 0 1 1 0
2495 1 0 0 1 1 1 0
2500 1 0 0 1 1 1 0
2505 1 0 0 1 1 1 0
2510 1 0 0 1 1 1 0
2515 1 0 1 0 1 1 1
2520 1 0 1 0 1 1 1
2525 0 0 1 0 1 0 1
2530 0 0 1 0 1 0 1
2535 0 0 1 0 1 0 1
2540 0 0 1 0 1 0 1
2545 0 0 1 0 1 0 1
2550 0 0 1 0 1 0 1
2555 0 0 1 0 1 0 1
2560 0 0 1 0 1 0 1
2565 0 0 1 0 1 0 1
2570 0 0 1 0 1 0 1
2575 0 0 1 0 0 0 1
2580 0 0 1 0 0 0 1
2585 0 0 1 0 0 0 1
2590 0 0 1 0 0 0 1
2595 0 0 1 0 0 0 1
2600 0 0 1 0 0 0 1
2605 0 0 1 0 0 0 1
2610 0 0 0 1 0 0 0
2615 0 0 0 0 0 0 0
2620 0 0 0 0 0 0 0
2625 0 0 0 0 0 0 0
2630 0 0 0 0 0 0 0
2635 0 0 0 0 0 0 0
2640 0 0 0 0 0 0 0
2645 0 0 0 0 0 0 0
2650 0 0 0 0 0 0 0
2655 0 0 0 0 0 0 0
2660 0 0 0 0 0 0 0
2665 0 0 0 0 0 0 0
2670 0 0 0 0 0 0 0
2675 0 0 0 0 0 0 0
2680 0 0 0 0 0 0 0
2685 0 0 0 0 0 0 0
2690 0 0 0 0 0 0 0
2695 0 0 0 0 0 0 0
