0 0 0 0 0 0 0 0
5 0 0 0 0 0 0 0
10 0 0 0 0 0 0 0
15 0 0 0 0 0 0 0
20 0 0 0 0 0 0 0
25 0 0 0 0 0 0 0
30 0 0 0 0 0 0 0
35 0 1 0 0 0 0 0
40 0 1 0 0 0 0 0
45 0 0 0 0 0 0 0
50 0 0 0 0 0 0 0
55 0 1 0 0 0 0 0
60 0 1 0 0 0 0 0
65 1 0 0 0 0 1 0
70 1 0 0 0 0 1 0
75 1 0 0 0 1 1 0
80 1 0 0 0 1 1 0
85 1 0 0 0 1 1 0
90 1 0 0 0 1 1 0
95 1 0 0 0 1 1 0
100 1 0 0 1 1 1 0
105 1 0 0 1 1 1 0
110 1 0 0 1 1 1 0
115 1 0 0 1 1 1 0
120 1 0 0 1 1 1 0
125 0 1 1 0 1 0 1
130 0 1 1 0 1 0 1
135 0 0 1 0 1 0 1
140 0 0 1 0 1 0 1
145 0 0 1 0 1 0 1
150 0 0 1 0 1 0 1
155 0 0 1 0 1 0 1
160 0 0 1 0 1 0 1
165 0 0 1 0 1 0 1
170 0 0 1 0 1 0 1
175 0 0 1 0 1 0 1
180 0 0 1 0 1 0 1
185 0 0 1 0 0 0 1
190 0 0 1 0 0 0 1
195 0 0 1 0 1 0 1
200 0 0 1 0 1 0 1
205 0 0 1 0 0 0 1
210 0 0 1 0 0 0 1
215 0 0 0 0 0 0 0
220 0 0 0 0 0 0 0
225 0 0 0 0 0 0 0
230 0 0 0 0 0 0 0
235 0 0 0 0 0 0 0
240 0 0 0 0 0 0 0
245 0 0 0 0 0 0 0
250 0 0 0 0 0 0 0
255 0 0 0 0 0 0 0
260 0 0 0 0 0 0 0
265 0 0 0 0 0 0 0
270 0 0 0 0 0 0 0
275 0 0 0 0 0 0 0
280 0 1 0 0 0 0 0
285 0 1 0 0 0 0 0
290 0 0 0 0 0 0 0
295 0 0 0 0 0 0 0
300 0 0 0 0 0 0 0
305 0 0 0 0 0 0 0
310 0 1 0 0 0 0 0
315 1 0 0 0 0 1 0
320 1 0 0 0 1 1 0
325 1 0 0 0 1 1 0
330 1 0 0 0 1 1 0
335 1 0 0 1 1 1 0
340 1 0 0 0 1 1 0
345 1 0 0 0 1 1 0
350 1 0 0 1 1 1 0
355 1 0 0 1 1 1 0
360 1 0 0 1 1 1 0
365 1 0 1 0 1 1 1
370 0 0 1 0 1 0 1
375 0 0 1 0 1 0 1
380 0 0 1 0 1 0 1
385 0 0 1 0 1 0 1
390 0 0 1 0 1 0 1
395 0 0 1 0 1 0 1
400 0 0 1 0 1 0 1
405 0 0 1 0 1 0 1
410 0 0 1 0 1 0 1
415 0 0 1 0 1 0 1
420 0 0 1 0 1 0 1
425 0 0 1 0 1 0 1
430 0 0 1 0 1 0 1
435 0 0 1 0 1 0 1
440 0 0 1 0 1 0 1
445 0 0 1 0 1 0 1
450 0 0 1 0 1 0 1
455 0 0 1 0 1 0 1
460 0 0 1 0 0 0 1
465 0 0 1 0 0 0 1
470 0 0 0 0 0 0 0
475 0 0 0 0 0 0 0
480 0 0 0 0 0 0 0
485 0 0 0 0 0 0 0
490 0 0 0 0 0 0 0
495 0 0 0 0 0 0 0
500 0 0 0 0 0 0 0
505 0 0 0 0 0 0 0
510 0 0 0 0 0 0 0
515 0 0 0 0 0 0 0
520 0 1 0 0 0 0 0
525 0 1 0 0 0 0 0
530 1 0 0 0 0 1 0
535 1 0 0 0 0 1 0
540 0 0 0 0 0 0 0
545 0 0 0 0 0 0 0
550 0 0 0 0 0 0 0
555 0 0 0 0 0 0 0
560 0 0 0 0 0 0 0
565 0 0 0 0 0 0 0
570 0 1 0 0 0 0 0
575 0 1 0 0 0 0 0
580 1 0 0 0 0 1 0
585 1 0 0 0 0 1 0
590 1 0 0 0 1 1 0
595 1 0 0 0 1 1 0
600 1 0 0 0 1 1 0
605 1 0 0 0 1 1 0
610 1 0 0 0 1 1 0
615 1 0 0 0 1 1 0
620 1 0 0 0 1 1 0
625 1 0 0 0 1 1 0
630 1 0 0 1 1 1 0
635 1 0 0 1 1 1 0
640 1 0 1 0 1 1 1
645 0 0 1 0 1 0 1
650 0 0 1 0 1 0 1
655 0 0 1 0 1 0 1
660 0 0 1 0 1 0 1
665 0 0 1 0 1 0 1
670 0 0 1 0 1 0 1
675 0 0 1 0 1 0 1
680 0 0 1 0 1 0 1
685 0 0 1 0 0 0 1
690 0 0 1 0 0 0 1
695 0 0 1 0 0 0 1
700 0 0 0 0 0 0 0
705 0 0 0 0 0 0 0
710 0 0 0 0 0 0 0
715 0 0 0 0 0 0 0
720 0 0 0 0 0 0 0
725 0 0 0 0 0 0 0
730 0 0 0 0 0 0 0
735 0 0 0 0 0 0 0
740 0 0 0 0 0 0 0
745 0 0 0 0 0 0 0
750 0 0 0 0 0 0 0
755 0 0 0 0 0 0 0
760 0 0 0 0 0 0 0
765 0 0 0 0 0 0 0
770 0 0 0 0 0 0 0
775 0 1 0 0 0 0 0
780 0 1 0 0 0 0 0
785 1 0 0 0 0 1 0
790 1 0 0 0 0 1 0
795 1 0 0 0 0 1 0
800 1 0 0 0 0 1 0
805 1 0 0 0 0 1 0
810 1 0 0 0 1 1 0
815 1 0 0 0 1 1 0
820 1 0 0 0 1 1 0
825 1 0 0 0 1 1 0
830 1 0 0 0 1 1 0
835 1 0 0 0 1 1 0
840 1 0 0 0 1 1 0
845 1 0 0 0 1 1 0
850 1 0 0 0 1 1 0
855 1 0 0 1 1 1 0
860 1 0 1 0 1 1 1
865 0 0 1 0 1 0 1
870 0 0 1 0 1 0 1
875 0 0 1 0 1 0 1
880 0 0 1 0 1 0 1
885 0 0 1 0 1 0 1
890 0 0 1 0 1 0 1
895 0 0 1 0 1 0 1
900 0 0 1 0 1 0 1
905 0 0 1 0 1 0 1
910 0 0 1 0 1 0 1
915 0 0 1 0 1 0 1
920 0 0 1 0 1 0 1
925 0 0 1 0 1 0 1
930 0 0 1 0 1 0 1
935 0 0 1 0 1 0 1
940 0 0 1 0 1 0 1
945 0 0 1 0 1 0 1
950 0 0 1 0 1 0 1
955 0 0 1 0 0 0 1
960 0 0 0 0 0 0 0
965 0 0 0 0 0 0 0
970 0 0 0 0 0 0 0
975 0 0 0 0 0 0 0
980 0 0 0 0 0 0 0
985 0 0 0 0 0 0 0
990 0 0 0 0 0 0 0
995 0 0 0 0 0 0 0
1000 0 0 0 0 0 0 0
1005 0 0 0 0 0 0 0
1010 0 0 0 0 0 0 0
1015 0 0 0 0 0 0 0
1020 0 0 0 0 0 0 0
1025 0 0 0 0 0 0 0
1030 0 0 0 0 0 0 0
1035 0 0 0 0 0 0 0
1040 0 0 0 0 0 0 0
1045 0 0 0 0 0 0 0
1050 0 0 0 0 0 0 0
1055 0 0 0 0 0 0 0
1060 0 0 0 0 0 0 0
1065 0 0 0 0 0 0 0
1070 0 0 0 0 0 0 0
1075 0 0 0 0 0 0 0
1080 0 0 0 0 0 0 0
1085 0 0 0 0 0 0 0
1090 0 0 0 0 0 0 0
1095 0 1 0 0 0 0 0
1100 0 1 0 0 0 0 0
1105 1 0 0 0 0 1 0
1110 1 0 0 0 0 1 0
1115 1 0 0 0 1 1 0
1120 1 0 0 0 1 1 0
1125 1 0 0 0 1 1 0
1130 1 0 0 0 1 1 0
1135 1 0 0 0 1 1 0
1140 1 0 0 1 1 1 0
1145 1 0 0 1 1 1 0
1150 1 0 0 0 1 1 0
1155 1 0 0 0 1 1 0
1160 1 0 0 0 1 1 0
1165 1 0 0 0 1 1 0
1170 1 0 0 1 1 1 0
1175 1 0 1 0 1 1 1
1180 0 0 1 0 1 0 1
1185 0 0 1 0 1 0 1
1190 0 0 1 0 1 0 1
1195 0 0 1 0 1 0 1
1200 0 0 1 0 1 0 1
1205 0 0 1 0 1 0 1
1210 0 0 1 0 0 0 1
1215 0 0 1 0 0 0 1
1220 0 0 0 0 0 0 0
1225 0 0 0 0 0 0 0
1230 0 0 0 0 0 0 0
1235 0 0 0 0 0 0 0
1240 0 0 0 0 0 0 0
1245 0 0 0 0 0 0 0
1250 0 1 0 0 0 0 0
1255 0 0 0 0 0 0 0
1260 0 0 0 0 0 0 0
1265 0 1 0 0 0 0 0
1270 0 1 0 0 0 0 0
1275 0 0 0 0 0 0 0
1280 0 0 0 0 0 0 0
1285 0 1 0 0 0 0 0
1290 0 1 0 0 0 0 0
1295 0 1 0 0 0 0 0
1300 0 1 0 0 0 0 0
1305 1 0 0 0 0 1 0
1310 1 0 0 0 0 1 0
1315 1 0 0 0 1 1 0
1320 1 0 0 0 1 1 0
1325 1 0 0 0 1 1 0
1330 1 0 0 0 1 1 0
1335 1 0 0 0 1 1 0
1340 1 0 0 0 1 1 0
1345 1 0 0 1 1 1 0
1350 1 0 0 1 1 1 0
1355 1 0 1 0 1 1 1
1360 0 0 1 0 1 0 1
1365 0 0 1 0 1 0 1
1370 0 0 1 0 1 0 1
1375 0 0 1 0 1 0 1
1380 0 0 1 0 1 0 1
1385 0 0 1 0 1 0 1
1390 0 0 1 0 1 0 1
1395 0 0 1 0 1 0 1
1400 0 0 1 0 1 0 1
1405 0 0 1 0 1 0 1
1410 0 0 1 0 1 0 1
1415 0 0 1 0 1 0 1
1420 0 0 1 0 1 0 1
1425 0 0 1 0 1 0 1
1430 0 0 1 0 1 0 1
1435 0 0 1 0 1 0 1
1440 0 0 1 0 1 0 1
1445 0 0 1 0 1 0 1
1450 0 0 1 0 0 0 1
1455 0 0 1 0 0 0 1
1460 0 0 0 0 0 0 0
1465 0 0 0 0 0 0 0
1470 0 0 0 0 0 0 0
1475 0 0 0 0 0 0 0
1480 0 0 0 0 0 0 0
1485 0 0 0 0 0 0 0
1490 0 0 0 0 0 0 0
1495 0 0 0 0 0 0 0
1500 0 0 0 0 0 0 0
1505 0 0 0 0 0 0 0
1510 0 0 0 0 0 0 0
1515 0 0 0 0 0 0 0
1520 0 0 0 0 0 0 0
1525 0 0 0 0 0 0 0
1530 0 0 0 0 0 0 0
1535 0 0 0 0 0 0 0
1540 0 0 0 0 0 0 0
