0 0 0 0 0 0 0 0
5 0 0 0 0 0 0 0
10 0 0 0 0 0 0 0
15 0 0 0 0 0 0 0
20 0 0 0 0 0 0 0
25 0 0 0 0 0 0 0
30 0 0 0 0 0 0 0
35 0 0 0 0 0 0 0
40 0 0 0 0 0 0 0
45 0 0 0 0 0 0 0
50 0 0 0 0 0 0 0
55 0 0 0 0 0 0 0
60 0 0 0 1 0 0 0
65 0 0 0 0 0 0 0
70 0 0 0 0 0 0 0
75 0 0 0 1 0 0 0
80 0 0 0 1 0 0 0
85 0 0 0 1 0 0 0
90 0 0 0 1 0 0 0
95 0 0 0 1 0 0 0
100 0 0 0 1 0 0 0
105 0 0 0 1 0 0 0
110 0 0 0 1 0 0 0
115 0 0 0 0 0 0 0
120 0 0 0 0 0 0 0
125 0 0 0 0 0 0 0
130 0 0 0 0 0 0 0
135 0 0 0 0 0 0 0
140 0 0 0 0 0 0 0
145 0 0 0 0 0 0 0
150 0 0 0 0 0 0 0
155 0 0 0 0 0 0 0
160 0 0 0 0 0 0 0
165 0 0 0 0 0 0 0
170 0 0 0 0 0 0 0
175 0 0 0 1 0 0 0
180 0 0 0 1 0 0 0
185 0 0 0 1 0 0 0
190 0 0 0 1 0 0 0
195 0 0 0 1 0 0 0
200 0 0 0 1 0 0 0
205 0 0 0 1 0 0 0
210 0 0 1 0 0 0 1
215 0 0 1 0 0 0 1
220 0 0 1 0 0 0 1
225 0 0 1 0 0 0 1
230 0 0 1 0 0 0 1
235 0 0 0 1 0 0 0
240 0 0 0 1 0 0 0
245 0 0 1 0 0 0 1
250 0 0 1 0 0 0 1
255 0 0 1 0 0 0 1
260 0 0 1 0 0 0 1
265 0 0 1 0 1 0 1
270 0 0 1 0 1 0 1
275 0 0 1 0 1 0 1
280 0 0 1 0 1 0 1
285 0 0 1 0 1 0 1
290 0 0 1 0 1 0 1
295 0 0 1 0 1 0 1
300 0 0 1 0 1 0 1
305 0 0 1 0 1 0 1
310 0 1 1 0 1 0 1
315 0 1 1 0 1 0 1
320 0 1 1 0 1 0 1
325 1 0 1 0 1 1 1
330 1 0 1 0 1 1 1
335 1 0 1 0 1 1 1
340 1 0 1 0 1 1 1
345 1 0 1 0 1 1 1
350 0 1 1 0 1 0 1
355 0 1 1 0 1 0 1
360 0 0 1 0 1 0 1
365 0 0 1 0 1 0 1
370 0 0 1 0 1 0 1
375 0 0 1 0 1 0 1
380 0 0 1 0 1 0 1
385 0 1 1 0 1 0 1
390 0 1 1 0 1 0 1
395 0 1 1 0 1 0 1
400 0 0 1 0 1 0 1
405 0 0 1 0 1 0 1
410 0 1 1 0 1 0 1
415 0 1 1 0 1 0 1
420 0 1 1 0 1 0 1
425 0 1 1 0 1 0 1
430 0 1 1 0 1 0 1
435 0 1 1 0 1 0 1
440 0 1 1 0 1 0 1
445 1 0 1 0 1 1 1
450 1 0 1 0 1 1 1
455 1 0 0 1 1 1 0
460 1 0 0 0 1 1 0
465 1 0 0 0 1 1 0
470 1 0 0 0 1 1 0
475 1 0 0 0 1 1 0
480 1 0 0 0 1 1 0
485 1 0 0 0 1 1 0
490 1 0 0 0 1 1 0
495 1 0 0 0 1 1 0
500 1 0 0 0 0 1 0
505 1 0 0 0 0 1 0
510 1 0 0 0 0 1 0
515 1 0 0 0 0 1 0
520 1 0 0 0 0 1 0
525 1 0 0 0 0 1 0
530 0 0 0 0 0 0 0
535 0 0 0 0 0 0 0
540 0 0 0 0 0 0 0
545 0 0 0 0 0 0 0
550 0 0 0 0 0 0 0
555 0 0 0 0 0 0 0
560 0 0 0 0 0 0 0
565 0 0 0 0 0 0 0
570 0 0 0 0 0 0 0
575 0 0 0 0 0 0 0
580 0 0 0 0 0 0 0
585 0 0 0 0 0 0 0
590 0 0 0 0 0 0 0
595 0 0 0 0 0 0 0
600 0 0 0 0 0 0 0
605 0 0 0 0 0 0 0
610 0 0 0 0 0 0 0
615 0 0 0 0 0 0 0
620 0 0 0 0 0 0 0
625 0 0 0 0 0 0 0
630 0 0 0 0 0 0 0
635 0 0 0 0 0 0 0
640 0 0 0 0 0 0 0
645 0 0 0 0 0 0 0
650 0 0 0 1 0 0 0
655 0 0 0 1 0 0 0
660 0 0 1 0 0 0 1
665 0 0 1 0 0 0 1
670 0 0 1 0 0 0 1
675 0 0 1 0 0 0 1
680 0 0 1 0 1 0 1
685 0 0 1 0 1 0 1
690 0 0 1 0 1 0 1
695 0 0 1 0 1 0 1
700 0 0 1 0 1 0 1
705 0 0 1 0 1 0 1
710 0 0 1 0 1 0 1
715 0 1 1 0 1 0 1
720 0 1 1 0 1 0 1
725 0 1 1 0 1 0 1
730 0 1 1 0 1 0 1
735 0 1 1 0 1 0 1
740 0 1 1 0 1 0 1
745 0 1 1 0 1 0 1
750 0 1 1 0 1 0 1
755 0 0 1 0 1 0 1
760 0 0 1 0 1 0 1
765 0 1 1 0 1 0 1
770 1 0 1 0 1 1 1
775 1 0 0 0 1 1 0
780 1 0 0 0 1 1 0
785 1 0 0 0 1 1 0
790 1 0 0 0 1 1 0
795 1 0 0 0 1 1 0
800 1 0 0 0 1 1 0
805 1 0 0 0 1 1 0
810 1 0 0 0 0 1 0
815 1 0 0 0 0 1 0
820 1 0 0 0 0 1 0
825 1 0 0 0 1 1 0
830 1 0 0 0 1 1 0
835 1 0 0 0 0 1 0
840 1 0 0 0 0 1 0
845 1 0 0 0 0 1 0
850 1 0 0 0 0 1 0
855 1 0 0 0 0 1 0
860 1 0 0 0 0 1 0
865 1 0 0 0 0 1 0
870 1 0 0 0 0 1 0
875 1 0 0 0 0 1 0
880 1 0 0 0 0 1 0
885 1 0 0 0 0 1 0
890 1 0 0 0 0 1 0
895 0 0 0 0 0 0 0
900 0 0 0 0 0 0 0
905 0 0 0 0 0 0 0
910 0 0 0 0 0 0 0
915 0 0 0 0 0 0 0
920 0 0 0 0 0 0 0
925 0 0 0 0 0 0 0
930 0 0 0 0 0 0 0
935 0 0 0 0 0 0 0
940 0 0 0 0 0 0 0
945 0 0 0 0 0 0 0
950 0 0 0 0 0 0 0
955 0 0 0 0 0 0 0
960 0 0 0 1 0 0 0
965 0 0 0 0 0 0 0
970 0 0 0 0 0 0 0
975 0 0 0 0 0 0 0
980 0 0 0 1 0 0 0
985 0 0 0 1 0 0 0
990 0 0 0 1 0 0 0
995 0 0 0 1 0 0 0
1000 0 0 0 1 0 0 0
1005 0 0 0 1 0 0 0
1010 0 0 0 1 0 0 0
1015 0 0 1 0 0 0 1
1020 0 0 1 0 0 0 1
1025 0 0 1 0 0 0 1
1030 0 0 1 0 0 0 1
1035 0 0 1 0 0 0 1
1040 0 0 1 0 1 0 1
1045 0 0 1 0 1 0 1
1050 0 0 1 0 1 0 1
1055 0 0 1 0 1 0 1
1060 0 0 1 0 1 0 1
1065 0 0 1 0 1 0 1
1070 0 0 1 0 1 0 1
1075 0 0 1 0 1 0 1
1080 0 0 1 0 1 0 1
1085 0 0 1 0 1 0 1
1090 0 0 1 0 1 0 1
1095 0 0 1 0 1 0 1
1100 0 0 1 0 1 0 1
1105 0 0 1 0 1 0 1
1110 0 0 1 0 1 0 1
1115 0 1 1 0 1 0 1
1120 0 1 1 0 1 0 1
1125 1 0 1 0 1 1 1
1130 1 0 0 1 1 1 0
1135 1 0 0 1 1 1 0
1140 1 0 0 0 1 1 0
1145 1 0 0 0 1 1 0
1150 1 0 0 0 1 1 0
1155 1 0 0 0 1 1 0
1160 1 0 0 0 1 1 0
1165 1 0 0 0 1 1 0
1170 1 0 0 0 1 1 0
1175 1 0 0 0 1 1 0
1180 1 0 0 0 1 1 0
1185 1 0 0 0 1 1 0
1190 1 0 0 0 1 1 0
1195 1 0 0 0 0 1 0
1200 1 0 0 0 0 1 0
1205 1 0 0 0 0 1 0
1210 1 0 0 0 0 1 0
1215 0 0 0 0 0 0 0
1220 0 0 0 0 0 0 0
1225 0 0 0 0 0 0 0
1230 0 0 0 0 0 0 0
1235 0 0 0 0 0 0 0
1240 0 0 0 0 0 0 0
1245 0 0 0 0 0 0 0
1250 0 0 0 0 0 0 0
1255 0 0 0 0 0 0 0
1260 0 0 0 0 0 0 0
1265 0 0 0 0 0 0 0
1270 0 0 0 0 0 0 0
1275 0 0 0 0 0 0 0
1280 0 0 0 0 0 0 0
1285 0 0 0 0 0 0 0
1290 0 0 0 0 0 0 0
1295 0 0 0 0 0 0 0
1300 0 0 0 0 0 0 0
1305 0 0 0 0 0 0 0
1310 0 0 0 0 0 0 0
1315 0 0 0 0 0 0 0
1320 0 0 0 0 0 0 0
1325 0 0 0 0 0 0 0
1330 0 0 0 0 0 0 0
1335 0 0 0 0 0 0 0
1340 0 0 0 0 0 0 0
1345 0 0 0 0 0 0 0
1350 0 0 0 0 0 0 0
1355 0 0 0 1 0 0 0
1360 0 0 0 1 0 0 0
1365 0 0 0 0 0 0 0
1370 0 0 0 0 0 0 0
1375 0 0 0 0 0 0 0
1380 0 0 0 0 0 0 0
1385 0 0 0 0 0 0 0
1390 0 0 0 0 0 0 0
1395 0 0 0 0 0 0 0
1400 0 0 0 0 0 0 0
1405 0 0 0 1 0 0 0
1410 0 0 0 1 0 0 0
1415 0 0 0 1 0 0 0
1420 0 0 0 1 0 0 0
1425 0 0 0 1 0 0 0
1430 0 0 1 0 0 0 1
1435 0 0 1 0 0 0 1
1440 0 0 1 0 0 0 1
1445 0 0 1 0 1 0 1
1450 0 0 1 0 1 0 1
1455 0 0 1 0 1 0 1
1460 0 0 1 0 1 0 1
1465 0 0 1 0 1 0 1
1470 0 0 1 0 1 0 1
1475 0 0 1 0 1 0 1
1480 0 0 1 0 1 0 1
1485 0 1 1 0 1 0 1
1490 0 0 1 0 1 0 1
1495 0 0 1 0 1 0 1
1500 0 0 1 0 1 0 1
1505 0 0 1 0 1 0 1
1510 0 0 1 0 1 0 1
1515 0 0 1 0 1 0 1
1520 0 0 1 0 1 0 1
1525 0 0 1 0 1 0 1
1530 0 0 1 0 1 0 1
1535 0 0 1 0 1 0 1
1540 0 0 1 0 1 0 1
1545 0 0 1 0 1 0 1
1550 0 0 1 0 1 0 1
1555 0 1 1 0 1 0 1
1560 0 1 1 0 1 0 1
1565 1 0 1 0 1 1 1
1570 1 0 0 1 1 1 0
1575 1 0 0 0 1 1 0
1580 1 0 0 0 1 1 0
1585 1 0 0 0 1 1 0
1590 1 0 0 0 1 1 0
1595 1 0 0 0 1 1 0
1600 1 0 0 0 0 1 0
1605 1 0 0 0 0 1 0
1610 1 0 0 0 0 1 0
1615 1 0 0 0 0 1 0
1620 1 0 0 0 0 1 0
1625 1 0 0 0 0 1 0
1630 1 0 0 0 0 1 0
1635 0 0 0 0 0 0 0
1640 0 0 0 0 0 0 0
1645 0 0 0 0 0 0 0
1650 0 0 0 0 0 0 0
1655 0 0 0 0 0 0 0
1660 0 0 0 0 0 0 0
1665 0 0 0 0 0 0 0
1670 0 0 0 0 0 0 0
1675 0 0 0 0 0 0 0
1680 0 0 0 0 0 0 0
1685 0 0 0 0 0 0 0
1690 0 0 0 0 0 0 0
1695 0 0 0 1 0 0 0
1700 0 0 0 1 0 0 0
1705 0 0 0 1 0 0 0
1710 0 0 0 1 0 0 0
1715 0 0 0 1 0 0 0
1720 0 0 1 0 0 0 1
1725 0 0 1 0 0 0 1
1730 0 0 1 0 0 0 1
1735 0 0 1 0 0 0 1
1740 0 0 1 0 1 0 1
1745 0 0 1 0 1 0 1
1750 0 0 1 0 1 0 1
1755 0 0 1 0 1 0 1
1760 0 0 1 0 1 0 1
1765 0 0 1 0 1 0 1
1770 0 0 1 0 1 0 1
1775 0 0 1 0 1 0 1
1780 0 0 1 0 1 0 1
1785 0 0 1 0 1 0 1
1790 0 0 1 0 1 0 1
1795 0 0 1 0 1 0 1
1800 0 1 1 0 1 0 1
1805 0 1 1 0 1 0 1
1810 1 0 1 0 1 1 1
1815 1 0 1 0 1 1 1
1820 1 0 0 1 1 1 0
1825 1 0 0 0 1 1 0
1830 1 0 0 0 1 1 0
1835 1 0 0 0 1 1 0
1840 1 0 0 0 1 1 0
1845 1 0 0 0 1 1 0
1850 1 0 0 0 1 1 0
1855 1 0 0 0 1 1 0
1860 1 0 0 0 1 1 0
1865 1 0 0 0 0 1 0
1870 1 0 0 0 0 1 0
1875 1 0 0 0 0 1 0
1880 1 0 0 0 0 1 0
1885 0 1 0 0 0 0 0
1890 0 0 0 0 0 0 0
1895 0 0 0 0 0 0 0
1900 0 0 0 0 0 0 0
1905 0 0 0 0 0 0 0
1910 0 0 0 0 0 0 0
1915 0 0 0 0 0 0 0
1920 0 0 0 0 0 0 0
1925 0 0 0 0 0 0 0
1930 0 0 0 0 0 0 0
1935 0 0 0 1 0 0 0
1940 0 0 0 1 0 0 0
1945 0 0 0 0 0 0 0
1950 0 0 0 0 0 0 0
1955 0 0 0 0 0 0 0
1960 0 0 0 0 0 0 0
1965 0 0 0 0 0 0 0
1970 0 0 0 0 0 0 0
1975 0 0 0 0 0 0 0
1980 0 0 0 1 0 0 0
1985 0 0 0 1 0 0 0
1990 0 0 0 1 0 0 0
1995 0 0 1 0 0 0 1
2000 0 0 1 0 0 0 1
2005 0 0 1 0 0 0 1
2010 0 0 1 0 0 0 1
2015 0 0 1 0 1 0 1
2020 0 0 1 0 1 0 1
2025 0 0 1 0 1 0 1
2030 0 0 1 0 1 0 1
2035 0 0 1 0 1 0 1
2040 0 0 1 0 1 0 1
2045 0 0 1 0 1 0 1
2050 0 0 1 0 1 0 1
2055 0 0 1 0 1 0 1
2060 0 0 1 0 1 0 1
2065 0 0 1 0 1 0 1
2070 0 0 1 0 1 0 1
2075 0 0 1 0 1 0 1
2080 0 0 1 0 1 0 1
2085 0 1 1 0 1 0 1
2090 0 1 1 0 1 0 1
2095 1 0 1 0 1 1 1
2100 1 0 0 1 1 1 0
2105 1 0 0 0 1 1 0
2110 1 0 0 0 1 1 0
2115 1 0 0 0 1 1 0
2120 1 0 0 0 1 1 0
2125 1 0 0 0 1 1 0
2130 1 0 0 0 1 1 0
2135 1 0 0 0 1 1 0
2140 1 0 0 0 1 1 0
2145 1 0 0 0 1 1 0
2150 1 0 0 0 1 1 0
2155 1 0 0 0 1 1 0
2160 1 0 0 0 0 1 0
2165 1 0 0 0 0 1 0
2170 1 0 0 0 0 1 0
2175 1 0 0 0 0 1 0
2180 1 0 0 0 0 1 0
2185 1 0 0 0 0 1 0
2190 1 0 0 0 0 1 0
2195 1 0 0 0 0 1 0
2200 0 0 0 0 0 0 0
2205 0 0 0 0 0 0 0
2210 0 0 0 0 0 0 0
2215 0 0 0 0 0 0 0
2220 0 0 0 0 0 0 0
2225 0 0 0 0 0 0 0
2230 0 0 0 0 0 0 0
2235 0 0 0 0 0 0 0
2240 0 0 0 0 0 0 0
2245 0 0 0 0 0 0 0
2250 0 0 0 0 0 0 0
2255 0 0 0 0 0 0 0
2260 0 0 0 0 0 0 0
2265 0 0 0 0 0 0 0
2270 0 0 0 0 0 0 0
2275 0 0 0 0 0 0 0
2280 0 0 0 0 0 0 0
2285 0 0 0 0 0 0 0
2290 0 0 0 0 0 0 0
2295 0 0 0 0 0 0 0
2300 0 0 0 0 0 0 0
2305 0 0 0 0 0 0 0
