0 0 0 0 0 0 0 0
5 0 0 0 0 0 0 0
10 0 0 0 0 0 0 0
15 0 0 0 0 0 0 0
20 0 0 0 0 0 0 0
25 0 0 0 0 0 0 0
30 0 0 0 0 0 0 0
35 0 0 0 0 0 0 0
40 0 0 0 0 0 0 0
45 0 0 0 0 0 0 0
50 0 0 0 0 0 0 0
55 0 0 0 0 0 0 0
60 0 0 0 0 0 0 0
65 0 0 0 0 0 0 0
70 0 0 0 0 0 0 0
75 0 0 0 0 0 0 0
80 0 0 0 0 0 0 0
85 0 0 0 0 0 0 0
90 0 0 0 0 0 0 0
95 0 0 0 0 0 0 0
100 0 0 0 0 0 0 0
105 0 0 0 0 0 0 0
110 0 1 0 0 0 0 0
115 0 1 0 0 0 0 0
120 1 0 0 0 0 1 0
125 1 0 0 0 0 1 0
130 1 0 0 0 0 1 0
135 1 0 0 0 1 1 0
140 1 0 0 0 1 1 0
145 1 0 0 0 1 1 0
150 1 0 0 0 1 1 0
155 1 0 0 0 1 1 0
160 1 0 0 0 1 1 0
165 1 0 0 0 1 1 0
170 1 0 0 0 1 1 0
175 1 0 0 0 1 1 0
180 1 0 0 0 1 1 0
185 1 0 0 0 1 1 0
190 1 0 0 0 1 1 0
195 1 0 0 0 1 1 0
200 1 0 0 0 1 1 0
205 1 0 0 1 1 1 0
210 1 0 0 1 1 1 0
215 1 0 0 1 1 1 0
220 1 0 0 1 1 1 0
225 1 0 1 0 1 1 1
230 0 1 1 0 1 0 1
235 0 1 1 0 1 0 1
240 0 0 1 0 1 0 1
245 0 0 1 0 1 0 1
250 0 0 1 0 1 0 1
255 0 0 1 0 1 0 1
260 0 0 1 0 1 0 1
265 0 0 1 0 1 0 1
270 0 0 1 0 1 0 1
275 0 0 1 0 1 0 1
280 0 0 1 0 1 0 1
285 0 0 1 0 1 0 1
290 0 0 1 0 1 0 1
295 0 0 1 0 1 0 1
300 0 0 1 0 1 0 1
305 0 0 1 0 0 0 1
310 0 0 1 0 0 0 1
315 0 0 1 0 0 0 1
320 0 0 1 0 0 0 1
325 0 0 1 0 0 0 1
330 0 0 1 0 0 0 1
335 0 0 1 0 0 0 1
340 0 0 0 1 0 0 0
345 0 0 0 0 0 0 0
350 0 0 0 0 0 0 0
355 0 0 0 0 0 0 0
360 0 0 0 0 0 0 0
365 0 0 0 0 0 0 0
370 0 0 0 0 0 0 0
375 0 0 0 0 0 0 0
380 0 0 0 0 0 0 0
385 0 0 0 0 0 0 0
390 0 0 0 0 0 0 0
395 0 0 0 0 0 0 0
400 0 0 0 0 0 0 0
405 0 0 0 0 0 0 0
410 0 0 0 0 0 0 0
415 0 0 0 0 0 0 0
420 0 0 0 0 0 0 0
425 0 0 0 0 0 0 0
430 0 0 0 0 0 0 0
435 0 0 0 0 0 0 0
440 0 0 0 0 0 0 0
445 0 0 0 0 0 0 0
450 0 0 0 0 0 0 0
455 0 0 0 0 0 0 0
460 0 0 0 0 0 0 0
465 0 1 0 0 0 0 0
470 0 1 0 0 0 0 0
475 1 0 0 0 0 1 0
480 1 0 0 0 0 1 0
485 1 0 0 0 0 1 0
490 1 0 0 0 1 1 0
495 1 0 0 0 1 1 0
500 1 0 0 0 1 1 0
505 1 0 0 0 1 1 0
510 1 0 0 0 1 1 0
515 1 0 0 0 1 1 0
520 1 0 0 0 1 1 0
525 1 0 0 0 1 1 0
530 1 0 0 0 1 1 0
535 1 0 0 0 1 1 0
540 1 0 0 0 1 1 0
545 1 0 0 0 1 1 0
550 1 0 0 1 1 1 0
555 1 0 0 1 1 1 0
560 1 0 0 1 1 1 0
565 1 0 1 0 1 1 1
570 0 1 1 0 1 0 1
575 0 0 1 0 1 0 1
580 0 0 1 0 1 0 1
585 0 0 1 0 1 0 1
590 0 0 1 0 1 0 1
595 0 0 1 0 0 0 1
600 0 0 1 0 0 0 1
605 0 0 1 0 0 0 1
610 0 0 1 0 0 0 1
615 0 0 1 0 0 0 1
620 0 0 1 0 0 0 1
625 0 0 0 0 0 0 0
630 0 0 0 0 0 0 0
635 0 0 0 0 0 0 0
640 0 0 0 0 0 0 0
645 0 0 0 0 0 0 0
650 0 0 0 0 0 0 0
655 0 0 0 0 0 0 0
660 0 0 0 0 0 0 0
665 0 0 0 0 0 0 0
670 0 0 0 0 0 0 0
675 0 0 0 0 0 0 0
680 0 1 0 0 0 0 0
685 0 1 0 0 0 0 0
690 0 1 0 0 0 0 0
695 0 1 0 0 0 0 0
700 0 1 0 0 0 0 0
705 0 1 0 0 0 0 0
710 0 0 0 0 0 0 0
715 0 0 0 0 0 0 0
720 0 0 0 0 0 0 0
725 0 1 0 0 0 0 0
730 0 1 0 0 0 0 0
735 0 1 0 0 0 0 0
740 0 0 0 0 0 0 0
745 0 0 0 0 0 0 0
750 0 0 0 0 0 0 0
755 0 1 0 0 0 0 0
760 0 1 0 0 0 0 0
765 0 1 0 0 0 0 0
770 1 0 0 0 0 1 0
775 1 0 0 0 0 1 0
780 1 0 0 0 0 1 0
785 1 0 0 0 1 1 0
790 1 0 0 0 1 1 0
795 1 0 0 0 1 1 0
800 1 0 0 0 1 1 0
805 1 0 0 0 1 1 0
810 1 0 0 0 1 1 0
815 1 0 0 0 1 1 0
820 1 0 0 0 1 1 0
825 1 0 0 0 1 1 0
830 1 0 0 1 1 1 0
835 1 0 0 1 1 1 0
840 1 0 0 1 1 1 0
845 1 0 0 0 1 1 0
850 1 0 0 0 1 1 0
855 1 0 0 0 1 1 0
860 1 0 0 0 1 1 0
865 1 0 0 0 1 1 0
870 1 0 0 1 1 1 0
875 1 0 0 1 1 1 0
880 1 0 1 0 1 1 1
885 1 0 1 0 1 1 1
890 1 0 1 0 1 1 1
895 0 1 1 0 1 0 1
900 0 0 1 0 1 0 1
905 0 0 1 0 1 0 1
910 0 0 1 0 1 0 1
915 0 0 1 0 1 0 1
920 0 0 1 0 1 0 1
925 0 0 1 0 1 0 1
930 0 0 1 0 1 0 1
935 0 0 1 0 1 0 1
940 0 0 1 0 1 0 1
945 0 0 1 0 0 0 1
950 0 0 1 0 0 0 1
955 0 0 1 0 0 0 1
960 0 0 1 0 0 0 1
965 0 0 1 0 0 0 1
970 0 0 1 0 0 0 1
975 0 0 1 0 0 0 1
980 0 0 1 0 0 0 1
985 0 0 1 0 0 0 1
990 0 0 1 0 0 0 1
995 0 0 1 0 0 0 1
1000 0 0 0 0 0 0 0
1005 0 0 0 0 0 0 0
1010 0 0 0 0 0 0 0
1015 0 0 0 0 0 0 0
1020 0 0 0 0 0 0 0
1025 0 0 0 0 0 0 0
1030 0 0 0 0 0 0 0
1035 0 0 0 0 0 0 0
1040 0 0 0 0 0 0 0
1045 0 0 0 0 0 0 0
1050 0 0 0 0 0 0 0
1055 0 0 0 0 0 0 0
1060 0 0 0 0 0 0 0
1065 0 0 0 0 0 0 0
1070 0 0 0 0 0 0 0
1075 0 0 0 0 0 0 0
1080 0 0 0 0 0 0 0
1085 0 0 0 0 0 0 0
1090 0 0 0 0 0 0 0
1095 0 0 0 0 0 0 0
1100 0 0 0 0 0 0 0
1105 0 0 0 0 0 0 0
1110 0 0 0 0 0 0 0
1115 0 0 0 0 0 0 0
1120 0 0 0 0 0 0 0
1125 0 0 0 0 0 0 0
1130 0 0 0 0 0 0 0
1135 0 0 0 0 0 0 0
1140 0 0 0 0 0 0 0
1145 0 0 0 0 0 0 0
1150 0 0 0 0 0 0 0
1155 0 0 0 0 0 0 0
1160 0 0 0 0 0 0 0
1165 0 0 0 0 0 0 0
1170 0 0 0 0 0 0 0
1175 0 0 0 0 0 0 0
1180 0 1 0 0 0 0 0
1185 0 0 0 0 0 0 0
1190 0 1 0 0 0 0 0
1195 0 1 0 0 0 0 0
1200 0 0 0 0 0 0 0
1205 0 0 0 0 0 0 0
1210 0 0 0 0 0 0 0
1215 0 1 0 0 0 0 0
1220 0 1 0 0 0 0 0
1225 1 0 0 0 0 1 0
1230 1 0 0 0 0 1 0
1235 1 0 0 0 0 1 0
1240 1 0 0 0 0 1 0
1245 1 0 0 0 1 1 0
1250 1 0 0 0 1 1 0
1255 1 0 0 0 1 1 0
1260 1 0 0 0 1 1 0
1265 1 0 0 0 1 1 0
1270 1 0 0 0 1 1 0
1275 1 0 0 0 1 1 0
1280 1 0 0 0 1 1 0
1285 1 0 0 0 1 1 0
1290 1 0 0 0 1 1 0
1295 1 0 0 0 1 1 0
1300 1 0 0 0 1 1 0
1305 1 0 0 0 1 1 0
1310 1 0 0 0 1 1 0
1315 1 0 0 0 1 1 0
1320 1 0 0 0 1 1 0
1325 1 0 0 0 1 1 0
1330 1 0 0 0 1 1 0
1335 1 0 0 0 1 1 0
1340 1 0 0 1 1 1 0
1345 1 0 0 1 1 1 0
1350 1 0 0 1 1 1 0
1355 1 0 0 1 1 1 0
1360 1 0 1 0 1 1 1
1365 0 1 1 0 1 0 1
1370 0 0 1 0 1 0 1
1375 0 0 1 0 1 0 1
1380 0 0 1 0 1 0 1
1385 0 0 1 0 1 0 1
1390 0 0 1 0 1 0 1
1395 0 0 1 0 1 0 1
1400 0 0 1 0 1 0 1
1405 0 0 1 0 1 0 1
1410 0 0 1 0 1 0 1
1415 0 0 1 0 1 0 1
1420 0 0 1 0 1 0 1
1425 0 0 1 0 0 0 1
1430 0 0 1 0 0 0 1
1435 0 0 1 0 0 0 1
1440 0 0 1 0 0 0 1
1445 0 0 1 0 0 0 1
1450 0 0 1 0 0 0 1
1455 0 0 1 0 0 0 1
1460 0 0 1 0 0 0 1
1465 0 0 1 0 0 0 1
1470 0 0 1 0 0 0 1
1475 0 0 1 0 0 0 1
1480 0 0 0 0 0 0 0
1485 0 0 0 0 0 0 0
1490 0 0 0 0 0 0 0
1495 0 0 0 0 0 0 0
1500 0 0 0 0 0 0 0
1505 0 0 0 0 0 0 0
1510 0 0 0 0 0 0 0
1515 0 0 0 0 0 0 0
1520 0 0 0 0 0 0 0
1525 0 0 0 0 0 0 0
1530 0 0 0 0 0 0 0
1535 0 0 0 0 0 0 0
1540 0 0 0 0 0 0 0
1545 0 0 0 0 0 0 0
1550 0 0 0 0 0 0 0
1555 0 0 0 0 0 0 0
1560 0 0 0 0 0 0 0
1565 0 0 0 0 0 0 0
1570 0 0 0 0 0 0 0
1575 0 0 0 0 0 0 0
1580 0 0 0 0 0 0 0
1585 0 0 0 0 0 0 0
1590 0 0 0 0 0 0 0
1595 0 0 0 0 0 0 0
1600 0 0 0 0 0 0 0
1605 0 0 0 0 0 0 0
1610 0 0 0 0 0 0 0
1615 0 1 0 0 0 0 0
1620 0 1 0 0 0 0 0
1625 0 1 0 0 0 0 0
1630 1 0 0 0 0 1 0
1635 1 0 0 0 0 1 0
1640 1 0 0 0 1 1 0
1645 1 0 0 0 1 1 0
1650 1 0 0 0 1 1 0
1655 1 0 0 0 1 1 0
1660 1 0 0 0 1 1 0
1665 1 0 0 0 1 1 0
1670 1 0 0 0 1 1 0
1675 1 0 0 0 1 1 0
1680 1 0 0 0 1 1 0
1685 1 0 0 1 1 1 0
1690 1 0 0 1 1 1 0
1695 1 0 1 0 1 1 1
1700 1 0 1 0 1 1 1
1705 1 0 1 0 1 1 1
1710 0 1 1 0 1 0 1
1715 0 0 1 0 1 0 1
1720 0 0 1 0 1 0 1
1725 0 0 1 0 1 0 1
1730 0 0 1 0 1 0 1
1735 0 0 1 0 1 0 1
1740 0 0 1 0 1 0 1
1745 0 0 1 0 1 0 1
1750 0 0 1 0 1 0 1
1755 0 0 1 0 1 0 1
1760 0 0 1 0 1 0 1
1765 0 0 1 0 1 0 1
1770 0 0 1 0 1 0 1
1775 0 0 1 0 1 0 1
1780 0 0 1 0 1 0 1
1785 0 0 1 0 1 0 1
1790 0 0 1 0 0 0 1
1795 0 0 1 0 0 0 1
1800 0 0 1 0 0 0 1
1805 0 0 1 0 0 0 1
1810 0 0 1 0 0 0 1
1815 0 0 1 0 0 0 1
1820 0 0 1 0 0 0 1
1825 0 0 1 0 0 0 1
1830 0 0 1 0 0 0 1
1835 0 0 1 0 0 0 1
1840 0 0 0 0 0 0 0
1845 0 0 0 0 0 0 0
1850 0 0 0 0 0 0 0
1855 0 0 0 0 0 0 0
1860 0 0 0 0 0 0 0
1865 0 0 0 0 0 0 0
1870 0 0 0 0 0 0 0
1875 0 0 0 0 0 0 0
1880 0 0 0 0 0 0 0
1885 0 0 0 0 0 0 0
1890 0 0 0 0 0 0 0
1895 0 0 0 0 0 0 0
1900 0 0 0 0 0 0 0
1905 0 0 0 0 0 0 0
1910 0 0 0 0 0 0 0
1915 0 1 0 0 0 0 0
1920 0 1 0 0 0 0 0
1925 0 1 0 0 0 0 0
1930 0 1 0 0 0 0 0
1935 0 1 0 0 0 0 0
1940 0 1 0 0 0 0 0
1945 0 0 0 0 0 0 0
1950 0 0 0 0 0 0 0
1955 0 0 0 0 0 0 0
1960 0 0 0 0 0 0 0
1965 0 0 0 0 0 0 0
1970 0 0 0 0 0 0 0
1975 0 0 0 0 0 0 0
1980 0 1 0 0 0 0 0
1985 1 0 0 0 0 1 0
1990 1 0 0 0 0 1 0
1995 1 0 0 0 0 1 0
2000 1 0 0 0 1 1 0
2005 1 0 0 0 1 1 0
2010 1 0 0 0 1 1 0
2015 1 0 0 0 1 1 0
2020 1 0 0 0 1 1 0
2025 1 0 0 0 1 1 0
2030 1 0 0 0 1 1 0
2035 1 0 0 0 1 1 0
2040 1 0 0 0 1 1 0
2045 1 0 0 1 1 1 0
2050 1 0 0 1 1 1 0
2055 1 0 0 1 1 1 0
2060 1 0 0 1 1 1 0
2065 1 0 0 1 1 1 0
2070 1 0 0 1 1 1 0
2075 1 0 1 0 1 1 1
2080 1 0 1 0 1 1 1
2085 0 0 1 0 1 0 1
2090 0 0 1 0 1 0 1
2095 0 0 1 0 1 0 1
2100 0 0 1 0 1 0 1
2105 0 0 1 0 1 0 1
2110 0 0 1 0 1 0 1
2115 0 0 1 0 1 0 1
2120 0 0 1 0 1 0 1
2125 0 0 1 0 1 0 1
2130 0 0 1 0 1 0 1
2135 0 0 1 0 1 0 1
2140 0 0 1 0 1 0 1
2145 0 0 1 0 1 0 1
2150 0 0 1 0 0 0 1
2155 0 0 1 0 0 0 1
2160 0 0 1 0 0 0 1
2165 0 0 1 0 0 0 1
2170 0 0 1 0 0 0 1
2175 0 0 0 0 0 0 0
2180 0 0 0 0 0 0 0
2185 0 0 0 0 0 0 0
2190 0 0 0 0 0 0 0
2195 0 0 0 0 0 0 0
2200 0 0 0 0 0 0 0
2205 0 0 0 0 0 0 0
2210 0 0 0 0 0 0 0
2215 0 0 0 0 0 0 0
2220 0 0 0 0 0 0 0
2225 0 0 0 0 0 0 0
2230 0 0 0 0 0 0 0
2235 0 0 0 0 0 0 0
2240 0 0 0 0 0 0 0
2245 0 0 0 0 0 0 0
2250 0 0 0 0 0 0 0
