0 0 0 0 0 0 0 0
5 0 0 0 0 0 0 0
10 0 0 0 0 0 0 0
15 0 0 0 0 0 0 0
20 0 0 0 0 0 0 0
25 0 0 0 0 0 1 1
30 0 0 0 0 0 1 0
35 0 0 0 0 0 0 0
40 0 0 0 0 0 0 0
45 0 0 0 0 0 0 0
50 0 0 0 0 0 0 0
55 0 0 0 0 0 0 0
60 0 0 0 0 0 0 0
65 0 1 0 0 0 0 0
70 0 1 0 0 0 0 0
75 1 0 0 0 0 1 0
80 1 0 0 0 0 1 0
85 1 0 0 0 0 1 0
90 1 0 0 0 0 1 0
95 1 0 0 0 1 1 0
100 1 0 0 0 1 1 0
105 1 0 0 0 1 1 0
110 1 0 0 0 1 1 0
115 1 0 0 0 1 1 0
120 1 0 0 1 1 1 0
125 1 0 0 1 1 1 0
130 1 0 0 0 1 1 0
135 1 0 0 0 1 1 0
140 1 0 0 1 1 1 0
145 1 0 0 1 1 1 0
150 1 0 0 1 1 1 0
155 1 0 1 0 1 1 1
160 0 1 1 0 1 0 1
165 0 0 1 0 1 0 1
170 0 0 1 0 1 0 1
175 0 0 1 0 1 0 1
180 0 0 1 0 1 0 1
185 0 0 1 0 1 0 1
190 0 0 1 0 1 0 1
195 0 0 1 0 1 0 1
200 0 0 1 0 1 0 1
205 0 0 1 0 1 0 1
210 0 0 1 0 1 0 1
215 0 0 1 0 1 0 1
220 0 0 1 0 1 0 1
225 0 0 1 0 1 0 1
230 0 0 1 0 1 0 1
235 0 0 1 0 1 0 1
240 0 0 1 0 1 0 1
245 0 0 1 0 0 0 1
250 0 0 1 0 0 0 1
255 0 0 1 0 0 0 1
260 0 0 1 0 0 0 1
265 0 0 0 0 0 0 0
270 0 0 0 0 0 0 0
275 0 0 0 0 0 0 0
280 0 0 0 0 0 0 0
285 0 0 0 0 0 0 0
290 0 0 0 0 0 0 0
295 0 0 0 0 0 0 0
300 0 1 0 0 0 0 0
305 0 1 0 0 0 0 0
310 0 1 0 0 0 0 0
315 1 0 0 0 0 1 0
320 1 0 0 0 0 1 0
325 1 0 0 0 0 1 0
330 1 0 0 0 1 1 0
335 1 0 0 0 1 1 0
340 1 0 0 0 1 1 0
345 1 0 0 0 1 1 0
350 1 0 0 0 1 1 0
355 1 0 0 0 1 1 0
360 1 0 0 1 1 1 0
365 1 0 0 1 1 1 0
370 1 0 0 0 1 1 0
375 1 0 0 0 1 1 0
380 1 0 0 0 1 1 0
385 1 0 0 1 1 1 0
390 1 0 0 1 1 1 0
395 1 0 0 1 1 1 0
400 1 0 0 1 1 1 0
405 1 0 1 0 1 1 1
410 1 0 1 0 1 1 1
415 0 0 1 0 1 0 1
420 0 0 1 0 1 0 1
425 0 0 1 0 1 0 1
430 0 0 1 0 1 0 1
435 0 0 1 0 1 0 1
440 0 0 1 0 1 0 1
445 0 0 1 0 1 0 1
450 0 0 1 0 1 0 1
455 0 0 1 0 1 0 1
460 0 0 1 0 1 0 1
465 0 0 1 0 1 0 1
470 0 0 1 0 1 0 1
475 0 0 1 0 1 0 1
480 0 0 1 0 1 0 1
485 0 0 1 0 0 0 1
490 0 0 0 1 0 0 0
495 0 0 0 1 0 0 0
500 0 0 0 1 0 0 0
505 0 0 0 0 0 0 0
510 0 0 0 0 0 0 0
515 0 0 0 0 0 0 0
520 0 0 0 0 0 0 0
525 0 0 0 0 0 0 0
530 0 0 0 0 0 0 0
535 0 0 0 0 0 0 0
540 0 0 0 0 0 0 0
545 0 0 0 0 0 0 0
550 0 1 0 0 0 0 0
555 0 1 0 0 0 0 0
560 1 0 0 0 0 1 0
565 1 0 0 0 0 1 0
570 1 0 0 0 0 1 0
575 1 0 0 0 0 1 0
580 1 0 0 0 1 1 0
585 1 0 0 0 1 1 0
590 1 0 0 0 1 1 0
595 1 0 0 0 1 1 0
600 1 0 0 0 1 1 0
605 1 0 0 0 1 1 0
610 1 0 0 0 1 1 0
615 1 0 0 0 1 1 0
620 1 0 0 1 1 1 0
625 1 0 0 1 1 1 0
630 1 0 0 0 1 1 0
635 1 0 0 0 1 1 0
640 1 0 0 1 1 1 0
645 1 0 0 1 1 1 0
650 1 0 0 1 1 1 0
655 1 0 0 1 1 1 0
660 1 0 1 0 1 1 1
665 1 0 1 0 1 1 1
670 0 0 1 0 1 0 1
675 0 0 1 0 1 0 1
680 0 0 1 0 1 0 1
685 0 0 1 0 1 0 1
690 0 0 1 0 1 0 1
695 0 0 1 0 1 0 1
700 0 0 1 0 1 0 1
705 0 0 1 0 1 0 1
710 0 0 1 0 1 0 1
715 0 0 1 0 1 0 1
720 0 0 1 0 1 0 1
725 0 0 1 0 1 0 1
730 0 0 1 0 1 0 1
735 0 0 1 0 1 0 1
740 0 0 1 0 1 0 1
745 0 0 1 0 1 0 1
750 0 0 1 0 0 0 1
755 0 0 1 0 0 0 1
760 0 0 1 0 0 0 1
765 0 0 0 0 0 0 0
770 0 0 0 0 0 0 0
775 0 0 0 0 0 0 0
780 0 0 0 0 0 0 0
785 0 0 0 0 0 0 0
790 0 0 0 0 0 0 0
795 0 0 0 0 0 0 0
800 0 0 0 0 0 0 0
805 0 0 0 0 0 0 0
810 0 0 0 0 0 0 0
815 0 0 0 0 0 0 0
820 0 0 0 0 0 0 0
825 0 0 0 0 0 0 0
830 0 0 0 0 0 0 0
835 0 0 0 0 0 0 0
840 0 0 0 0 0 0 0
845 0 0 0 0 0 0 0
850 0 0 0 0 0 0 0
855 0 0 0 0 0 0 0
860 0 0 0 0 0 0 0
865 0 0 0 0 0 0 0
870 0 0 0 0 0 0 0
875 0 0 0 0 0 0 0
880 0 0 0 0 0 0 0
885 0 0 0 0 0 0 0
890 0 1 0 0 0 0 0
895 0 1 0 0 0 0 0
900 0 1 0 0 0 0 0
905 0 1 0 0 0 0 0
910 0 1 0 0 0 0 0
915 0 1 0 0 0 0 0
920 0 1 0 0 0 0 0
925 1 0 0 0 0 1 0
930 1 0 0 0 0 1 0
935 1 0 0 0 0 1 0
940 1 0 0 0 0 1 0
945 1 0 0 0 0 1 0
950 1 0 0 0 1 1 0
955 1 0 0 0 1 1 0
960 1 0 0 0 1 1 0
965 1 0 0 0 1 1 0
970 1 0 0 0 1 1 0
975 1 0 0 0 1 1 0
980 1 0 0 0 1 1 0
985 1 0 0 0 1 1 0
990 1 0 0 0 1 1 0
995 1 0 0 0 1 1 0
1000 1 0 0 0 1 1 0
1005 1 0 0 0 1 1 0
1010 1 0 0 0 1 1 0
1015 1 0 0 1 1 1 0
1020 1 0 0 1 1 1 0
1025 1 0 0 1 1 1 0
1030 1 0 0 1 1 1 0
1035 0 1 1 0 1 0 1
1040 0 1 1 0 1 0 1
1045 0 0 1 0 1 0 1
1050 0 0 1 0 1 0 1
1055 0 0 1 0 1 0 1
1060 0 0 1 0 1 0 1
1065 0 0 1 0 1 0 1
1070 0 0 1 0 1 0 1
1075 0 0 1 0 0 0 1
1080 0 0 1 0 0 0 1
1085 0 0 1 0 0 0 1
1090 0 0 1 0 0 0 1
1095 0 0 0 0 0 0 0
1100 0 0 0 0 0 0 0
1105 0 0 0 0 0 0 0
1110 0 0 0 0 0 0 0
1115 0 0 0 0 0 0 0
1120 0 0 0 0 0 0 0
1125 0 0 0 0 0 0 0
1130 0 1 0 0 0 0 0
1135 0 1 0 0 0 0 0
1140 0 1 0 0 0 0 0
1145 0 1 0 0 0 0 0
1150 0 1 0 0 0 0 0
1155 1 0 0 0 0 1 0
1160 1 0 0 0 0 1 0
1165 1 0 0 0 0 1 0
1170 1 0 0 0 1 1 0
1175 1 0 0 0 1 1 0
1180 1 0 0 0 1 1 0
1185 1 0 0 0 1 1 0
1190 1 0 0 0 1 1 0
1195 1 0 0 1 1 1 0
1200 1 0 0 1 1 1 0
1205 1 0 0 1 1 1 0
1210 1 0 0 1 1 1 0
1215 1 0 0 1 1 1 0
1220 1 0 0 1 1 1 0
1225 1 0 0 1 1 1 0
1230 1 0 0 0 1 1 0
1235 1 0 0 0 1 1 0
1240 1 0 0 0 1 1 0
1245 1 0 0 1 1 1 0
1250 1 0 0 1 1 1 0
1255 1 0 0 1 1 1 0
1260 1 0 1 0 1 1 1
1265 1 0 1 0 1 1 1
1270 0 0 1 0 1 0 1
1275 0 0 1 0 1 0 1
1280 0 0 1 0 1 0 1
1285 0 0 1 0 1 0 1
1290 0 0 1 0 1 0 1
1295 0 0 1 0 1 0 1
1300 0 0 1 0 0 0 1
1305 0 0 1 0 0 0 1
1310 0 0 1 0 0 0 1
1315 0 0 1 0 0 0 1
1320 0 0 1 0 0 0 1
1325 0 0 1 0 0 0 1
1330 0 0 1 0 0 0 1
1335 0 0 1 0 0 0 1
1340 0 0 0 0 0 0 0
1345 0 0 0 0 0 0 0
1350 0 0 0 0 0 0 0
1355 0 0 0 0 0 0 0
1360 0 0 0 0 0 0 0
1365 0 0 0 0 0 0 0
1370 0 0 0 0 0 0 0
1375 0 0 0 0 0 0 0
1380 0 0 0 0 0 0 0
1385 0 0 0 0 0 0 0
1390 0 0 0 0 0 0 0
1395 0 0 0 0 0 0 0
1400 0 0 0 0 0 0 0
1405 0 0 0 0 0 0 0
1410 0 0 0 0 0 0 0
1415 0 0 0 0 0 0 0
1420 0 0 0 0 0 0 0
1425 0 0 0 0 0 0 0
1430 0 0 0 0 0 0 0
1435 0 0 0 0 0 0 0
1440 0 0 0 0 0 0 0
1445 0 0 0 0 0 0 0
1450 0 0 0 0 0 0 0
1455 0 0 0 0 0 0 0
1460 0 0 0 0 0 0 0
1465 0 1 0 0 0 0 0
1470 0 1 0 0 0 0 0
1475 0 0 0 0 0 0 0
1480 0 0 0 0 0 0 0
1485 0 0 0 0 0 0 0
1490 0 0 0 0 0 0 0
1495 0 0 0 0 0 0 0
1500 0 0 0 0 0 0 0
1505 0 1 0 0 0 0 0
1510 0 1 0 0 0 0 0
1515 0 1 0 0 0 0 0
1520 1 0 0 0 0 1 0
1525 1 0 0 0 0 1 0
1530 1 0 0 0 0 1 0
1535 1 0 0 0 0 1 0
1540 1 0 0 0 1 1 0
1545 1 0 0 0 1 1 0
1550 1 0 0 0 1 1 0
1555 1 0 0 0 1 1 0
1560 1 0 0 0 1 1 0
1565 1 0 0 0 1 1 0
1570 1 0 0 0 1 1 0
1575 1 0 0 0 1 1 0
1580 1 0 0 0 1 1 0
1585 1 0 0 0 1 1 0
1590 1 0 0 0 1 1 0
1595 1 0 0 1 1 1 0
1600 1 0 0 1 1 1 0
1605 1 0 1 0 1 1 1
1610 0 1 1 0 1 0 1
1615 0 0 1 0 1 0 1
1620 0 0 1 0 1 0 1
1625 0 0 1 0 1 0 1
1630 0 0 1 0 1 0 1
1635 0 0 1 0 1 0 1
1640 0 0 1 0 1 0 1
1645 0 0 1 0 0 0 1
1650 0 0 1 0 0 0 1
1655 0 0 1 0 0 0 1
1660 0 0 1 0 0 0 1
1665 0 0 0 0 0 0 0
1670 0 0 0 0 0 0 0
1675 0 0 0 0 0 0 0
1680 0 0 0 0 0 0 0
1685 0 0 0 0 0 0 0
1690 0 0 0 0 0 0 0
1695 0 0 0 0 0 0 0
1700 0 0 0 0 0 0 0
1705 0 0 0 0 0 0 0
1710 0 0 0 0 0 0 0
1715 0 0 0 0 0 0 0
1720 0 0 0 0 0 0 0
