0 0 0 0 0 0 0 0
5 0 0 0 0 0 0 0
10 0 0 0 0 0 0 0
15 0 0 0 0 0 0 0
20 0 0 0 0 0 0 0
25 0 0 0 0 0 0 0
30 0 0 0 0 0 0 0
35 0 0 0 0 0 0 0
40 0 0 0 0 0 0 0
45 0 0 0 0 0 0 0
50 0 0 0 0 0 0 0
55 0 0 0 0 0 0 0
60 0 0 0 0 0 0 0
65 0 0 0 0 0 0 0
70 0 0 0 0 0 0 0
75 0 0 0 0 0 0 0
80 0 0 0 0 0 0 0
85 0 0 0 1 0 0 0
90 0 0 0 1 0 0 0
95 0 0 1 0 0 0 1
100 0 0 1 0 0 0 1
105 0 0 1 0 0 0 1
110 0 0 1 0 1 0 1
115 0 0 1 0 1 0 1
120 0 0 1 0 1 0 1
125 0 0 1 0 1 0 1
130 0 0 1 0 1 0 1
135 0 1 1 0 1 0 1
140 0 1 1 0 1 0 1
145 0 1 1 0 1 0 1
150 0 1 1 0 1 0 1
155 0 1 1 0 1 0 1
160 1 0 1 0 1 1 1
165 1 0 0 1 1 1 0
170 1 0 0 0 1 1 0
175 1 0 0 0 1 1 0
180 1 0 0 0 1 1 0
185 1 0 0 0 1 1 0
190 1 0 0 0 1 1 0
195 1 0 0 0 1 1 0
200 1 0 0 0 1 1 0
205 1 0 0 0 1 1 0
210 1 0 0 0 1 1 0
215 1 0 0 0 1 1 0
220 1 0 0 0 1 1 0
225 1 0 0 0 1 1 0
230 1 0 0 0 1 1 0
235 1 0 0 0 1 1 0
240 1 0 0 0 1 1 0
245 1 0 0 0 1 1 0
250 1 0 0 0 1 1 0
255 1 0 0 0 1 1 0
260 1 0 0 0 1 1 0
265 1 0 0 0 1 1 0
270 1 0 0 0 1 1 0
275 1 0 0 0 1 1 0
280 1 0 0 0 0 1 0
285 1 0 0 0 0 1 0
290 0 0 0 0 0 0 0
295 0 0 0 0 0 0 0
300 0 0 0 0 0 0 0
305 0 0 0 0 0 0 0
310 0 0 0 0 0 0 0
315 0 0 0 0 0 0 0
320 0 0 0 0 0 0 0
325 0 0 0 0 0 0 0
330 0 0 0 0 0 0 0
335 0 0 0 0 0 0 0
340 0 0 0 0 0 0 0
345 0 0 0 0 0 0 0
350 0 0 0 0 0 0 0
355 0 0 0 0 0 0 0
360 0 0 0 0 0 0 0
365 0 0 0 0 0 0 0
370 0 0 0 0 0 0 0
375 0 0 0 0 0 0 0
380 0 0 0 0 0 0 0
385 0 0 0 0 0 0 0
390 0 0 0 0 0 0 0
395 0 0 0 1 0 0 0
400 0 0 0 1 0 0 0
405 0 0 0 1 0 0 0
410 0 0 0 1 0 0 0
415 0 0 0 1 0 0 0
420 0 0 0 1 0 0 0
425 0 0 1 0 0 0 1
430 0 0 1 0 0 0 1
435 0 0 1 0 1 0 1
440 0 0 1 0 1 0 1
445 0 0 1 0 1 0 1
450 0 0 1 0 1 0 1
455 0 0 1 0 1 0 1
460 0 0 1 0 1 0 1
465 0 0 1 0 1 0 1
470 0 0 1 0 1 0 1
475 0 1 1 0 1 0 1
480 0 1 1 0 1 0 1
485 0 1 1 0 1 0 1
490 0 1 1 0 1 0 1
495 1 0 1 0 1 1 1
500 1 0 1 0 1 1 1
505 1 0 0 1 1 1 0
510 1 0 0 1 1 1 0
515 1 0 0 1 1 1 0
520 1 0 0 1 1 1 0
525 1 0 0 1 1 1 0
530 1 0 0 1 1 1 0
535 1 0 0 1 1 1 0
540 1 0 0 1 1 1 0
545 1 0 0 1 1 1 0
550 1 0 0 1 1 1 0
555 1 0 0 1 1 1 0
560 1 0 0 1 1 1 0
565 1 0 0 1 1 1 0
570 1 0 0 1 1 1 0
575 1 0 0 1 1 1 0
580 1 0 0 1 1 1 0
585 1 0 0 1 1 1 0
590 1 0 0 1 1 1 0
595 1 0 0 0 1 1 0
600 1 0 0 0 1 1 0
605 1 0 0 0 1 1 0
610 1 0 0 0 1 1 0
615 1 0 0 0 1 1 0
620 1 0 0 0 1 1 0
625 1 0 0 0 1 1 0
630 1 0 0 0 0 1 0
635 1 0 0 0 0 1 0
640 0 0 0 0 0 0 0
645 0 0 0 0 0 0 0
650 0 0 0 0 0 0 0
655 0 0 0 0 0 0 0
660 0 0 0 0 0 0 0
665 0 0 0 0 0 0 0
670 0 0 0 0 0 0 0
675 0 0 0 1 0 0 0
680 0 0 0 1 0 0 0
685 0 0 0 1 0 0 0
690 0 0 0 1 0 0 0
695 0 0 0 1 0 0 0
700 0 0 1 0 0 0 1
705 0 0 1 0 0 0 1
710 0 0 1 0 0 0 1
715 0 0 1 0 1 0 1
720 0 0 1 0 1 0 1
725 0 0 1 0 1 0 1
730 0 0 1 0 1 0 1
735 0 0 1 0 1 0 1
740 0 0 1 0 1 0 1
745 0 1 1 0 1 0 1
750 0 1 1 0 1 0 1
755 1 0 1 0 1 1 1
760 1 0 0 1 1 1 0
765 1 0 0 1 1 1 0
770 1 0 0 0 1 1 0
775 1 0 0 0 1 1 0
780 1 0 0 0 1 1 0
785 1 0 0 0 1 1 0
790 1 0 0 0 1 1 0
795 1 0 0 0 0 1 0
800 1 0 0 0 0 1 0
805 0 0 0 0 0 0 0
810 0 0 0 0 0 0 0
815 0 0 0 0 0 0 0
820 0 0 0 0 0 0 0
825 0 0 0 0 0 0 0
830 0 0 0 0 0 0 0
835 0 0 0 0 0 0 0
840 0 0 0 0 0 0 0
845 0 0 0 0 0 0 0
850 0 0 0 0 0 0 0
855 0 0 0 0 0 0 0
860 0 0 0 0 0 0 0
865 0 0 0 0 0 0 0
870 0 0 0 0 0 0 0
875 0 0 0 0 0 0 0
880 0 0 0 0 0 0 0
885 0 0 0 0 0 0 0
890 0 0 0 0 0 0 0
895 0 0 0 1 0 0 0
900 0 0 0 1 0 0 0
905 0 0 0 1 0 0 0
910 0 0 1 0 0 0 1
915 0 0 1 0 0 0 1
920 0 0 1 0 1 0 1
925 0 0 1 0 1 0 1
930 0 0 1 0 1 0 1
935 0 0 1 0 1 0 1
940 0 0 1 0 1 0 1
945 0 0 1 0 1 0 1
950 0 1 1 0 1 0 1
955 0 0 1 0 1 0 1
960 0 0 1 0 1 0 1
965 0 1 1 0 1 0 1
970 1 0 0 1 1 1 0
975 1 0 0 0 1 1 0
980 1 0 0 0 1 1 0
985 1 0 0 0 1 1 0
990 1 0 0 0 1 1 0
995 1 0 0 0 1 1 0
1000 1 0 0 0 1 1 0
1005 1 0 0 0 1 1 0
1010 1 0 0 0 1 1 0
1015 1 0 0 0 1 1 0
1020 1 0 0 0 1 1 0
1025 1 0 0 0 1 1 0
1030 1 0 0 0 1 1 0
1035 1 0 0 0 1 1 0
1040 1 0 0 0 1 1 0
1045 1 0 0 0 1 1 0
1050 1 0 0 0 1 1 0
1055 1 0 0 0 1 1 0
1060 1 0 0 0 1 1 0
1065 1 0 0 0 1 1 0
1070 1 0 0 0 1 1 0
1075 1 0 0 0 0 1 0
1080 1 0 0 0 0 1 0
1085 1 0 0 0 0 1 0
1090 1 0 0 0 0 1 0
1095 1 0 0 0 0 1 0
1100 1 0 0 0 0 1 0
1105 1 0 0 0 0 1 0
1110 1 0 0 0 1 1 0
1115 1 0 0 0 0 1 0
1120 1 0 0 0 0 1 0
1125 1 0 0 0 1 1 0
1130 1 0 0 0 1 1 0
1135 1 0 0 0 0 1 0
1140 1 0 0 0 0 1 0
1145 1 0 0 0 0 1 0
1150 1 0 0 0 0 1 0
1155 1 0 0 0 0 1 0
1160 1 0 0 0 0 1 0
1165 1 0 0 0 0 1 0
1170 1 0 0 0 0 1 0
1175 0 0 0 0 0 1 0
1180 0 0 0 0 0 1 0
1185 0 0 0 0 0 0 0
1190 0 0 0 0 0 0 0
1195 0 0 0 0 0 0 0
1200 0 0 0 0 0 0 0
1205 0 0 0 1 0 0 0
1210 0 0 1 0 0 0 1
1215 0 0 1 0 0 0 1
1220 0 0 1 0 1 0 1
1225 0 0 1 0 1 0 1
1230 0 0 1 0 1 0 1
1235 0 0 1 0 1 0 1
1240 0 0 1 0 1 0 1
1245 0 1 1 0 1 0 1
1250 0 1 1 0 1 0 1
1255 0 1 1 0 1 0 1
1260 0 1 1 0 1 0 1
1265 0 0 1 0 1 0 1
1270 0 0 1 0 1 0 1
1275 0 1 1 0 1 0 1
1280 1 0 1 0 1 1 1
1285 1 0 1 0 1 1 1
1290 1 0 0 1 1 1 0
1295 1 0 0 1 1 1 0
1300 1 0 0 1 1 1 0
1305 1 0 0 1 1 1 0
1310 1 0 0 1 1 1 0
1315 1 0 0 1 1 1 0
1320 1 0 0 0 1 1 0
1325 1 0 0 0 1 1 0
1330 1 0 0 0 1 1 0
1335 1 0 0 0 1 1 0
1340 1 0 0 0 1 1 0
1345 1 0 0 0 1 1 0
1350 1 0 0 0 1 1 0
1355 1 0 0 0 1 1 0
1360 1 0 0 0 1 1 0
1365 1 0 0 0 1 1 0
1370 1 0 0 0 1 1 0
1375 1 0 0 0 1 1 0
1380 1 0 0 0 1 1 0
1385 1 0 0 0 1 1 0
1390 1 0 0 0 1 1 0
1395 1 0 0 0 1 1 0
1400 1 0 0 0 1 1 0
1405 1 0 0 0 1 1 0
1410 1 0 0 0 0 1 0
1415 0 0 0 0 0 0 0
1420 0 0 0 0 0 0 0
1425 0 0 0 0 0 0 0
1430 0 0 0 0 0 0 0
1435 0 0 0 0 0 0 0
1440 0 0 0 0 0 0 0
1445 0 0 0 0 0 0 0
1450 0 0 0 0 0 0 0
1455 0 0 0 0 0 0 0
1460 0 0 0 1 0 0 0
1465 0 0 0 0 0 0 0
1470 0 0 0 0 0 0 0
1475 0 0 0 0 0 0 0
1480 0 0 0 0 0 0 0
1485 0 0 0 1 0 0 0
1490 0 0 0 1 0 0 0
1495 0 0 1 0 0 0 1
1500 0 0 1 0 0 0 1
1505 0 0 1 0 1 0 1
1510 0 0 1 0 1 0 1
1515 0 0 1 0 1 0 1
1520 0 0 1 0 1 0 1
1525 0 0 1 0 1 0 1
1530 0 0 1 0 1 0 1
1535 0 0 1 0 1 0 1
1540 0 1 1 0 1 0 1
1545 0 1 1 0 1 0 1
1550 0 1 1 0 1 0 1
1555 1 0 1 0 1 1 1
1560 1 0 0 1 1 1 0
1565 1 0 0 0 1 1 0
1570 1 0 0 0 1 1 0
1575 1 0 0 0 1 1 0
1580 1 0 0 0 1 1 0
1585 1 0 0 0 0 1 0
1590 1 0 0 0 0 1 0
1595 1 0 0 0 0 1 0
1600 1 0 0 0 0 1 0
1605 1 0 0 0 0 1 0
1610 1 0 0 0 0 1 0
1615 1 0 0 0 0 1 0
1620 1 0 0 0 0 1 0
1625 1 0 0 0 1 1 0
1630 1 0 0 0 1 1 0
1635 1 0 0 0 1 1 0
1640 1 0 0 0 1 1 0
1645 1 0 0 0 1 1 0
1650 1 0 0 0 0 1 0
1655 1 0 0 0 0 1 0
1660 1 0 0 0 0 1 0
1665 1 0 0 0 0 1 0
1670 1 0 0 0 1 1 0
1675 1 0 0 0 0 1 0
1680 1 0 0 0 0 1 0
1685 1 0 0 0 0 1 0
1690 1 0 0 0 0 1 0
1695 1 0 0 0 1 1 0
1700 1 0 0 0 1 1 0
1705 1 0 0 0 0 1 0
1710 0 0 0 0 0 0 0
1715 0 0 0 0 0 0 0
1720 0 0 0 0 0 0 0
1725 0 0 0 0 0 0 0
1730 0 0 0 0 0 0 0
1735 0 0 0 0 0 0 0
1740 0 0 0 0 0 0 0
1745 0 0 0 0 0 0 0
1750 0 0 0 0 0 0 0
1755 0 0 0 0 0 0 0
1760 0 0 0 0 0 0 0
1765 0 0 0 0 0 0 0
1770 0 0 0 0 0 0 0
1775 0 0 0 0 0 0 0
1780 0 0 0 0 0 0 0
1785 0 0 0 0 0 0 0
1790 0 0 0 0 0 0 0
1795 0 0 0 0 0 0 0
1800 0 0 0 0 0 0 0
1805 0 0 0 0 0 0 0
1810 0 0 0 0 0 0 0
1815 0 0 0 0 0 0 0
1820 0 0 0 0 0 0 0
