0 0 0 0 0 0 0 0
5 0 0 0 0 0 0 0
10 0 0 0 0 0 0 0
15 0 0 0 0 0 0 0
20 0 0 0 0 0 0 0
25 0 0 0 0 0 0 0
30 0 0 0 0 0 0 0
35 0 0 0 0 0 0 0
40 0 0 0 0 0 0 0
45 0 0 0 0 0 0 0
50 0 0 0 0 0 0 0
55 0 0 0 0 0 0 0
60 0 0 0 0 0 0 0
65 0 0 0 0 0 0 0
70 0 0 0 0 0 0 0
75 0 0 0 0 0 0 0
80 0 0 0 0 0 0 0
85 0 0 0 0 0 0 0
90 0 0 0 0 0 0 0
95 0 0 0 0 0 0 0
100 0 0 0 0 0 0 0
105 0 0 0 0 0 0 0
110 0 0 0 0 0 0 0
115 0 0 0 0 0 0 0
120 0 0 0 0 0 0 0
125 0 0 0 0 0 0 0
130 0 0 0 0 0 0 0
135 0 0 0 0 0 0 0
140 0 0 0 0 0 0 0
145 0 0 0 0 0 0 0
150 0 0 0 0 0 0 0
155 0 0 0 0 0 0 0
160 0 0 0 0 0 0 0
165 0 0 0 0 0 0 0
170 0 0 0 0 0 0 0
175 0 0 0 0 0 0 0
180 0 0 0 0 0 0 0
185 0 0 0 0 0 0 0
190 0 0 0 0 0 0 0
195 0 0 0 0 0 0 0
200 0 0 0 0 0 0 0
205 0 0 0 0 0 0 0
210 0 0 0 0 0 0 0
215 0 0 0 0 0 0 0
220 0 0 0 0 0 0 0
225 0 0 0 0 0 0 0
230 0 0 0 1 0 0 0
235 0 0 0 1 0 0 0
240 0 0 0 1 0 0 0
245 0 0 1 0 0 0 1
250 0 0 1 0 0 0 1
255 0 0 1 0 0 0 1
260 0 0 1 0 0 0 1
265 0 0 1 0 1 0 1
270 0 0 1 0 1 0 1
275 0 0 1 0 1 0 1
280 0 0 1 0 1 0 1
285 0 0 1 0 1 0 1
290 0 0 1 0 1 0 1
295 0 0 1 0 1 0 1
300 0 0 1 0 1 0 1
305 0 0 1 0 1 0 1
310 0 0 1 0 1 0 1
315 0 0 1 0 1 0 1
320 0 0 1 0 1 0 1
325 0 0 1 0 1 0 1
330 0 0 1 0 1 0 1
335 0 0 1 0 1 0 1
340 0 0 1 0 1 0 1
345 0 0 1 0 1 0 1
350 0 0 1 0 1 0 1
355 0 0 1 0 1 0 1
360 0 0 1 0 1 0 1
365 0 0 1 0 1 0 1
370 0 0 1 0 1 0 1
375 0 0 1 0 1 0 1
380 0 1 1 0 1 0 1
385 1 0 1 0 1 1 1
390 1 0 1 0 1 1 1
395 1 0 0 0 1 1 0
400 1 0 0 0 1 1 0
405 1 0 0 0 1 1 0
410 1 0 0 0 1 1 0
415 1 0 0 0 1 1 0
420 1 0 0 0 1 1 0
425 1 0 0 0 1 1 0
430 1 0 0 0 1 1 0
435 1 0 0 0 1 1 0
440 1 0 0 0 1 1 0
445 1 0 0 0 1 1 0
450 1 0 0 0 1 1 0
455 1 0 0 0 1 1 0
460 1 0 0 0 1 1 0
465 1 0 0 0 0 1 0
470 1 0 0 0 0 1 0
475 1 0 0 0 0 1 0
480 1 0 0 0 0 1 0
485 1 0 0 0 0 1 0
490 1 0 0 0 0 1 0
495 0 0 0 0 0 0 0
500 0 0 0 0 0 0 0
505 0 0 0 0 0 0 0
510 0 0 0 0 0 0 0
515 0 0 0 0 0 0 0
520 0 0 0 0 0 0 0
525 0 0 0 0 0 0 0
530 0 0 0 0 0 0 0
535 0 0 0 0 0 0 0
540 0 0 0 0 0 0 0
545 0 0 0 0 0 0 0
550 0 0 0 0 0 0 0
555 0 0 0 0 0 0 0
560 0 0 0 0 0 0 0
565 0 0 0 1 0 0 0
570 0 0 0 1 0 0 0
575 0 0 0 1 0 0 0
580 0 0 0 1 0 0 0
585 0 0 1 0 0 0 1
590 0 0 1 0 0 0 1
595 0 0 1 0 0 0 1
600 0 0 1 0 0 0 1
605 0 0 1 0 1 0 1
610 0 0 1 0 1 0 1
615 0 0 1 0 1 0 1
620 0 0 1 0 1 0 1
625 0 0 1 0 1 0 1
630 0 0 1 0 1 0 1
635 0 0 1 0 1 0 1
640 0 0 1 0 1 0 1
645 0 0 1 0 1 0 1
650 0 0 1 0 1 0 1
655 0 0 1 0 1 0 1
660 0 0 1 0 1 0 1
665 0 0 1 0 1 0 1
670 0 0 1 0 1 0 1
675 0 0 1 0 1 0 1
680 0 1 1 0 1 0 1
685 0 1 1 0 1 0 1
690 1 0 1 0 1 1 1
695 1 0 1 0 1 1 1
700 1 0 0 0 1 1 0
705 1 0 0 0 1 1 0
710 1 0 0 0 1 1 0
715 1 0 0 0 1 1 0
720 1 0 0 0 1 1 0
725 1 0 0 0 1 1 0
730 1 0 0 0 1 1 0
735 1 0 0 0 1 1 0
740 1 0 0 0 1 1 0
745 1 0 0 0 1 1 0
750 1 0 0 0 1 1 0
755 1 0 0 0 1 1 0
760 1 0 0 0 0 1 0
765 1 0 0 0 0 1 0
770 1 0 0 0 0 1 0
775 1 0 0 0 0 1 0
780 1 0 0 0 0 1 0
785 1 0 0 0 0 1 0
790 1 0 0 0 0 1 0
795 1 0 0 0 0 1 0
800 1 0 0 0 0 1 0
805 1 0 0 0 0 1 0
810 1 0 0 0 0 1 0
815 1 0 0 0 0 1 0
820 1 0 0 0 0 1 0
825 0 0 0 0 0 0 0
830 0 0 0 0 0 0 0
835 0 0 0 0 0 0 0
840 0 0 0 0 0 0 0
845 0 0 0 0 0 0 0
850 0 0 0 0 0 0 0
855 0 0 0 0 0 0 0
860 0 0 0 0 0 0 0
865 0 0 0 0 0 0 0
870 0 0 0 0 0 0 0
875 0 0 0 0 0 0 0
880 0 0 0 0 0 0 0
885 0 0 0 0 0 0 0
890 0 0 0 0 0 0 0
895 0 0 0 0 0 0 0
900 0 0 0 0 0 0 0
905 0 0 0 0 0 0 0
910 0 0 0 0 0 0 0
915 0 0 0 0 0 0 0
920 0 0 0 0 0 0 0
925 0 0 0 0 0 0 0
930 0 0 0 0 0 0 0
935 0 0 0 0 0 0 0
940 0 0 0 0 0 0 0
945 0 0 0 0 0 0 0
950 0 0 0 0 0 0 0
955 0 0 0 0 0 0 0
960 0 0 0 0 0 0 0
965 0 0 0 1 0 0 0
970 0 0 0 1 0 0 0
975 0 0 0 1 0 0 0
980 0 0 0 1 0 0 0
985 0 0 1 0 0 0 1
990 0 0 1 0 0 0 1
995 0 0 1 0 0 0 1
1000 0 0 1 0 0 0 1
1005 0 0 1 0 1 0 1
1010 0 0 1 0 1 0 1
1015 0 0 1 0 1 0 1
1020 0 0 1 0 1 0 1
1025 0 0 1 0 1 0 1
1030 0 0 1 0 1 0 1
1035 0 0 1 0 1 0 1
1040 0 0 1 0 1 0 1
1045 0 0 1 0 1 0 1
1050 0 0 1 0 1 0 1
1055 0 0 1 0 1 0 1
1060 0 0 1 0 1 0 1
1065 0 0 1 0 1 0 1
1070 0 0 1 0 1 0 1
1075 0 0 1 0 1 0 1
1080 0 1 1 0 1 0 1
1085 0 1 1 0 1 0 1
1090 1 0 1 0 1 1 1
1095 1 0 1 0 1 1 1
1100 1 0 0 1 1 1 0
1105 1 0 0 0 1 1 0
1110 1 0 0 0 1 1 0
1115 1 0 0 0 1 1 0
1120 1 0 0 0 1 1 0
1125 1 0 0 0 1 1 0
1130 1 0 0 0 1 1 0
1135 1 0 0 0 1 1 0
1140 1 0 0 0 1 1 0
1145 1 0 0 0 1 1 0
1150 1 0 0 0 0 1 0
1155 1 0 0 0 0 1 0
1160 1 0 0 0 0 1 0
1165 1 0 0 0 0 1 0
1170 1 0 0 0 0 1 0
1175 0 0 0 0 0 0 0
1180 0 0 0 0 0 0 0
1185 0 0 0 0 0 0 0
1190 0 0 0 0 0 0 0
1195 0 0 0 0 0 0 0
1200 0 0 0 0 0 0 0
1205 0 0 0 0 0 0 0
1210 0 0 0 0 0 0 0
1215 0 0 0 0 0 0 0
1220 0 0 0 0 0 0 0
1225 0 0 0 0 0 0 0
1230 0 0 0 0 0 0 0
1235 0 0 0 0 0 0 0
1240 0 0 0 0 0 0 0
1245 0 0 0 0 0 0 0
1250 0 0 0 0 0 0 0
1255 0 0 0 0 0 0 0
1260 0 0 0 0 0 0 0
1265 0 0 0 0 0 0 0
1270 0 0 0 0 0 0 0
1275 0 0 0 0 0 0 0
1280 0 0 0 0 0 0 0
1285 0 0 0 1 0 0 0
1290 0 0 0 1 0 0 0
1295 0 0 1 0 0 0 1
1300 0 0 1 0 0 0 1
1305 0 0 1 0 0 0 1
1310 0 0 1 0 1 0 1
1315 0 0 1 0 1 0 1
1320 0 0 1 0 1 0 1
1325 0 0 1 0 1 0 1
1330 0 0 1 0 1 0 1
1335 0 0 1 0 1 0 1
1340 0 0 1 0 1 0 1
1345 0 0 1 0 1 0 1
1350 0 0 1 0 1 0 1
1355 0 0 1 0 1 0 1
1360 0 0 1 0 1 0 1
1365 0 1 1 0 1 0 1
1370 0 1 1 0 1 0 1
1375 1 0 1 0 1 1 1
1380 1 0 0 1 1 1 0
1385 1 0 0 1 1 1 0
1390 1 0 0 0 1 1 0
1395 1 0 0 0 1 1 0
1400 1 0 0 0 1 1 0
1405 1 0 0 0 1 1 0
1410 1 0 0 0 1 1 0
1415 1 0 0 0 1 1 0
1420 1 0 0 0 1 1 0
1425 1 0 0 0 1 1 0
1430 1 0 0 0 1 1 0
1435 1 0 0 0 1 1 0
1440 1 0 0 0 1 1 0
1445 1 0 0 0 1 1 0
1450 1 0 0 0 0 1 0
1455 1 0 0 0 0 1 0
1460 1 0 0 0 0 1 0
1465 1 0 0 0 0 1 0
1470 1 0 0 0 0 1 0
1475 1 0 0 0 0 1 0
1480 0 1 0 0 0 0 0
1485 0 1 0 0 0 0 0
1490 0 1 0 0 0 0 0
1495 0 1 0 0 0 0 0
1500 0 0 0 0 0 0 0
1505 0 0 0 0 0 0 0
1510 0 0 0 0 0 0 0
1515 0 0 0 0 0 0 0
1520 0 0 0 0 0 0 0
1525 0 0 0 0 0 0 0
1530 0 0 0 0 0 0 0
1535 0 0 0 0 0 0 0
1540 0 0 0 0 0 0 0
1545 0 0 0 0 0 0 0
1550 0 0 0 0 0 0 0
1555 0 0 0 0 0 0 0
1560 0 0 0 0 0 0 0
1565 0 0 0 0 0 0 0
1570 0 0 0 0 0 0 0
1575 0 0 0 0 0 0 0
1580 0 0 0 0 0 0 0
1585 0 0 0 1 0 0 0
1590 0 0 0 1 0 0 0
1595 0 0 0 1 0 0 0
1600 0 0 1 0 0 0 1
1605 0 0 1 0 0 0 1
1610 0 0 1 0 0 0 1
1615 0 0 1 0 1 0 1
1620 0 0 1 0 1 0 1
1625 0 0 1 0 1 0 1
1630 0 0 1 0 1 0 1
1635 0 0 1 0 1 0 1
1640 0 0 1 0 1 0 1
1645 0 0 1 0 1 0 1
1650 0 0 1 0 1 0 1
1655 0 0 1 0 1 0 1
1660 0 0 1 0 1 0 1
1665 0 0 1 0 1 0 1
1670 0 0 1 0 1 0 1
1675 0 0 1 0 1 0 1
1680 0 0 1 0 1 0 1
1685 0 0 1 0 1 0 1
1690 0 0 1 0 1 0 1
1695 0 0 1 0 1 0 1
1700 0 1 1 0 1 0 1
1705 0 1 1 0 1 0 1
1710 1 0 1 0 1 1 1
1715 1 0 0 1 1 1 0
1720 1 0 0 0 1 1 0
1725 1 0 0 0 1 1 0
1730 1 0 0 0 1 1 0
1735 1 0 0 0 1 1 0
1740 1 0 0 0 1 1 0
1745 1 0 0 0 1 1 0
1750 1 0 0 0 1 1 0
1755 1 0 0 0 1 1 0
1760 1 0 0 0 1 1 0
1765 1 0 0 0 1 1 0
1770 1 0 0 0 1 1 0
1775 1 0 0 0 1 1 0
1780 1 0 0 0 0 1 0
1785 1 0 0 0 0 1 1
1790 1 0 0 0 0 1 1
1795 1 0 0 0 0 1 1
1800 1 0 0 0 0 1 1
1805 1 0 0 0 0 1 1
1810 1 0 0 0 0 1 1
1815 1 0 0 0 0 1 1
1820 1 0 0 0 0 1 1
1825 0 1 0 1 0 0 1
1830 0 1 0 1 0 0 1
1835 0 1 0 1 0 0 1
1840 0 1 0 1 0 0 1
1845 0 1 0 1 0 0 1
1850 0 0 0 0 0 0 1
1855 0 0 0 0 0 0 1
1860 0 0 0 0 0 0 1
1865 0 0 0 0 0 0 1
1870 0 0 0 0 0 0 1
1875 0 0 0 0 0 0 1
1880 0 0 0 0 0 0 0
1885 0 0 0 0 0 0 0
1890 0 0 0 0 0 0 0
1895 0 0 0 0 0 0 0
1900 0 0 0 0 0 0 0
1905 0 0 0 0 0 0 0
1910 0 0 0 0 0 0 0
1915 0 0 0 0 0 0 0
1920 0 0 0 0 0 0 0
1925 0 0 0 0 0 0 0
1930 0 0 0 0 0 0 0
1935 0 0 0 0 0 0 0
1940 0 0 0 0 0 0 0
1945 0 0 0 0 0 0 0
1950 0 0 0 0 0 0 0
1955 0 0 0 0 0 0 0
1960 0 0 0 0 0 0 0
1965 0 0 0 0 0 0 0
1970 0 0 0 0 0 0 0
1975 0 0 0 0 0 0 0
1980 0 0 0 0 0 0 0
1985 0 0 0 0 0 0 0
1990 0 0 0 1 0 0 0
1995 0 0 0 1 0 0 0
2000 0 0 0 1 0 0 0
2005 0 0 0 1 0 0 0
2010 0 0 0 1 0 0 0
2015 0 0 1 0 0 0 1
2020 0 0 1 0 0 0 1
2025 0 0 1 0 0 0 1
2030 0 0 1 0 0 0 1
2035 0 0 1 0 0 0 1
2040 0 0 1 0 0 0 1
2045 0 0 1 0 0 0 1
2050 0 0 1 0 0 0 1
2055 0 0 1 0 0 0 1
2060 0 0 1 0 1 0 1
2065 0 0 1 0 1 0 1
2070 0 0 1 0 1 0 1
2075 0 0 1 0 1 0 1
2080 0 0 1 0 1 0 1
2085 0 0 1 0 1 0 1
2090 0 0 1 0 1 0 1
2095 0 0 1 0 1 0 1
2100 0 0 1 0 1 0 1
2105 0 0 1 0 1 0 1
2110 0 1 1 0 1 0 1
2115 0 1 1 0 1 0 1
2120 0 0 1 0 1 0 1
2125 0 0 1 0 1 0 1
2130 0 0 1 0 1 0 1
2135 0 1 1 0 1 0 1
2140 0 1 1 0 1 0 1
2145 0 1 1 0 1 0 1
2150 0 1 1 0 1 0 1
2155 0 1 1 0 1 0 1
2160 0 0 1 0 1 0 1
2165 0 0 1 0 1 0 1
2170 0 1 1 0 1 0 1
2175 0 1 1 0 1 0 1
2180 1 0 1 0 1 1 1
2185 1 0 0 0 1 1 0
2190 1 0 0 0 1 1 0
2195 1 0 0 0 1 1 0
2200 1 0 0 0 1 1 0
2205 1 0 0 0 1 1 0
2210 1 0 0 0 1 1 0
2215 1 0 0 0 1 1 0
2220 1 0 0 0 1 1 0
2225 1 0 0 0 1 1 0
2230 1 0 0 0 1 1 0
2235 1 0 0 0 1 1 0
2240 1 0 0 0 0 1 0
2245 1 0 0 0 0 1 0
2250 1 0 0 0 0 1 0
2255 1 0 0 0 0 1 0
2260 1 0 0 0 0 1 0
2265 1 0 0 0 0 1 0
2270 1 0 0 0 0 1 0
2275 1 0 0 0 0 1 0
2280 1 0 0 0 1 1 0
2285 1 0 0 0 1 1 0
2290 1 0 0 0 1 1 0
2295 1 0 0 0 0 1 0
2300 1 0 0 0 0 1 0
2305 1 0 0 0 0 1 0
2310 1 0 0 0 0 1 1
2315 1 0 0 0 0 1 1
2320 1 0 0 0 0 1 1
2325 1 0 0 0 0 1 1
2330 1 0 0 1 0 1 1
2335 0 1 0 1 0 0 1
2340 0 1 0 1 0 0 1
2345 0 0 0 0 0 0 1
2350 0 0 0 0 0 0 1
2355 0 0 0 0 0 0 1
2360 0 0 0 0 0 0 1
2365 0 0 0 0 0 0 1
2370 0 0 0 0 0 0 0
2375 0 0 0 0 0 0 0
2380 0 0 0 0 0 0 0
2385 0 0 0 0 0 0 0
2390 0 0 0 0 0 0 0
2395 0 0 0 0 0 0 0
2400 0 0 0 0 0 0 0
2405 0 0 0 0 0 0 0
2410 0 0 0 0 0 0 0
2415 0 0 0 0 0 0 0
2420 0 0 0 0 0 0 0
2425 0 0 0 0 0 0 0
