0 0 0 0 0 0 0 0
5 0 0 0 0 0 0 0
10 0 0 0 0 0 0 0
15 0 0 0 0 0 0 0
20 0 0 0 0 0 0 0
25 0 0 0 0 0 0 0
30 0 0 0 0 0 0 0
35 0 0 0 0 0 0 0
40 0 0 0 0 0 0 0
45 0 0 0 0 0 0 0
50 0 0 0 0 0 0 0
55 0 0 0 0 0 0 0
60 0 0 0 0 0 0 0
65 0 0 0 0 0 0 0
70 0 0 0 0 0 0 0
75 0 0 0 0 0 0 0
80 0 0 0 0 0 0 0
85 0 0 0 0 0 0 0
90 0 0 0 0 0 0 0
95 0 0 0 0 0 0 0
100 0 1 0 0 0 0 0
105 0 1 0 0 0 0 0
110 1 0 0 0 0 1 0
115 1 0 0 0 0 1 0
120 1 0 0 0 0 1 0
125 1 0 0 0 0 1 0
130 1 0 0 0 0 1 0
135 1 0 0 0 0 1 0
140 1 0 0 0 0 1 0
145 1 0 0 0 1 1 0
150 1 0 0 0 1 1 0
155 1 0 0 0 1 1 0
160 1 0 0 0 1 1 0
165 1 0 0 0 1 1 0
170 1 0 0 0 1 1 0
175 1 0 0 0 1 1 0
180 1 0 0 0 1 1 0
185 1 0 0 0 1 1 0
190 1 0 0 0 1 1 0
195 1 0 0 1 1 1 0
200 1 0 0 1 1 1 0
205 1 0 0 1 1 1 0
210 1 0 1 0 1 1 1
215 1 0 1 0 1 1 1
220 0 1 1 0 1 0 1
225 0 1 1 0 1 0 1
230 0 0 1 0 1 0 1
235 0 0 1 0 1 0 1
240 0 0 1 0 1 0 1
245 0 0 1 0 1 0 1
250 0 0 1 0 1 0 1
255 0 0 1 0 1 0 1
260 0 0 1 0 1 0 1
265 0 0 1 0 1 0 1
270 0 0 1 0 1 0 1
275 0 0 1 0 0 0 1
280 0 0 1 0 0 0 1
285 0 0 1 0 0 0 1
290 0 0 1 0 0 0 1
295 0 0 1 0 0 0 1
300 0 0 1 0 0 0 1
305 0 0 1 0 0 0 1
310 0 0 0 0 0 0 0
315 0 0 0 0 0 0 0
320 0 0 0 0 0 0 0
325 0 0 0 0 0 0 0
330 0 0 0 0 0 0 0
335 0 0 0 0 0 0 0
340 0 0 0 0 0 0 0
345 0 0 0 0 0 0 0
350 0 0 0 0 0 0 0
355 0 0 0 0 0 0 0
360 0 0 0 0 0 0 0
365 0 0 0 0 0 0 0
370 0 0 0 0 0 0 0
375 0 0 0 0 0 0 0
380 0 0 0 0 0 0 0
385 0 0 0 0 0 0 0
390 0 1 0 0 0 0 0
395 0 1 0 0 0 0 0
400 0 1 0 0 0 0 0
405 1 0 0 0 0 1 0
410 1 0 0 0 0 1 0
415 1 0 0 0 0 1 0
420 1 0 0 0 1 1 0
425 1 0 0 0 1 1 0
430 1 0 0 0 1 1 0
435 1 0 0 0 1 1 0
440 1 0 0 0 1 1 0
445 1 0 0 0 1 1 0
450 1 0 0 0 1 1 0
455 1 0 0 0 1 1 0
460 1 0 0 0 1 1 0
465 1 0 0 0 1 1 0
470 1 0 0 1 1 1 0
475 1 0 0 1 1 1 0
480 1 0 0 1 1 1 0
485 1 0 0 1 1 1 0
490 1 0 1 0 1 1 1
495 1 0 1 0 1 1 1
500 1 0 1 0 1 1 1
505 0 1 1 0 1 0 1
510 0 0 1 0 1 0 1
515 0 0 1 0 1 0 1
520 0 0 1 0 1 0 1
525 0 0 1 0 1 0 1
530 0 0 1 0 1 0 1
535 0 0 1 0 1 0 1
540 0 0 1 0 1 0 1
545 0 0 1 0 1 0 1
550 0 0 1 0 1 0 1
555 0 0 1 0 1 0 1
560 0 0 1 0 1 0 1
565 0 0 1 0 1 0 1
570 0 0 1 0 1 0 1
575 0 0 1 0 0 0 1
580 0 0 1 0 0 0 1
585 0 0 1 0 0 0 1
590 0 0 1 0 0 0 1
595 0 0 1 0 0 0 1
600 0 0 1 0 0 0 1
605 0 0 1 0 0 0 1
610 0 0 0 1 0 0 0
615 0 0 0 0 0 0 0
620 0 0 0 0 0 0 0
625 0 0 0 0 0 0 0
630 0 0 0 0 0 0 0
635 0 0 0 0 0 0 0
640 0 0 0 0 0 0 0
645 0 0 0 0 0 0 0
650 0 0 0 0 0 0 0
655 0 0 0 0 0 0 0
660 0 0 0 0 0 0 0
665 0 0 0 0 0 0 0
670 0 0 0 0 0 0 0
675 0 0 0 0 0 0 0
680 0 0 0 0 0 0 0
685 0 0 0 0 0 0 0
690 0 0 0 0 0 0 0
695 0 0 0 0 0 0 0
700 0 0 0 0 0 0 0
705 0 0 0 0 0 0 0
710 0 0 0 0 0 0 0
715 0 0 0 0 0 0 0
720 0 0 0 0 0 0 0
725 0 0 0 0 0 0 0
730 0 0 0 0 0 0 0
735 0 0 0 0 0 0 0
740 0 0 0 0 0 0 0
745 0 0 0 0 0 0 0
750 0 1 0 0 0 0 0
755 0 1 0 0 0 0 0
760 0 1 0 0 0 0 0
765 1 0 0 0 0 1 0
770 1 0 0 0 0 1 0
775 1 0 0 0 0 1 0
780 1 0 0 0 1 1 0
785 1 0 0 0 1 1 0
790 1 0 0 0 1 1 0
795 1 0 0 0 1 1 0
800 1 0 0 0 1 1 0
805 1 0 0 0 1 1 0
810 1 0 0 0 1 1 0
815 1 0 0 0 1 1 0
820 1 0 0 0 1 1 0
825 1 0 0 0 1 1 0
830 1 0 0 1 1 1 0
835 1 0 0 1 1 1 0
840 1 0 0 1 1 1 0
845 1 0 0 1 1 1 0
850 1 0 1 0 1 1 1
855 1 0 1 0 1 1 1
860 1 0 1 0 1 1 1
865 0 0 1 0 1 0 1
870 0 0 1 0 1 0 1
875 0 0 1 0 1 0 1
880 0 0 1 0 1 0 1
885 0 0 1 0 1 0 1
890 0 0 1 0 1 0 1
895 0 0 1 0 1 0 1
900 0 0 1 0 1 0 1
905 0 0 1 0 1 0 1
910 0 0 1 0 1 0 1
915 0 0 1 0 1 0 1
920 0 0 1 0 0 0 1
925 0 0 1 0 0 0 1
930 0 0 1 0 0 0 1
935 0 0 1 0 0 0 1
940 0 0 1 0 0 0 1
945 0 0 1 0 0 0 1
950 0 0 1 0 0 0 1
955 0 0 1 0 0 0 1
960 0 0 1 0 0 0 1
965 0 0 1 0 0 0 1
970 0 0 0 1 0 0 0
975 0 0 0 1 0 0 0
980 0 0 0 1 0 0 0
985 0 0 0 0 0 0 0
990 0 0 0 0 0 0 0
995 0 0 0 0 0 0 0
1000 0 0 0 0 0 0 0
1005 0 0 0 0 0 0 0
1010 0 0 0 0 0 0 0
1015 0 0 0 0 0 0 0
1020 0 0 0 0 0 0 0
1025 0 0 0 0 0 0 0
1030 0 0 0 0 0 0 0
1035 0 0 0 0 0 0 0
1040 0 0 0 0 0 0 0
1045 0 0 0 0 0 0 0
1050 0 0 0 0 0 0 0
1055 0 0 0 0 0 0 0
1060 0 0 0 0 0 0 0
1065 0 0 0 0 0 0 0
1070 0 0 0 0 0 0 0
1075 0 0 0 0 0 0 0
1080 0 1 0 0 0 0 0
1085 0 1 0 0 0 0 0
1090 0 1 0 0 0 0 0
1095 0 1 0 0 0 0 0
1100 1 0 0 0 0 1 0
1105 1 0 0 0 0 1 0
1110 1 0 0 0 0 1 0
1115 1 0 0 0 0 1 0
1120 1 0 0 0 0 1 0
1125 1 0 0 0 1 1 0
1130 1 0 0 0 1 1 0
1135 1 0 0 0 1 1 0
1140 1 0 0 0 1 1 0
1145 1 0 0 0 1 1 0
1150 1 0 0 0 1 1 0
1155 1 0 0 0 1 1 0
1160 1 0 0 0 1 1 0
1165 1 0 0 0 1 1 0
1170 1 0 0 0 1 1 0
1175 1 0 0 1 1 1 0
1180 1 0 0 1 1 1 0
1185 1 0 0 1 1 1 0
1190 1 0 0 1 1 1 0
1195 1 0 0 1 1 1 0
1200 1 0 1 0 1 1 1
1205 0 1 1 0 1 0 1
1210 0 0 1 0 1 0 1
1215 0 0 1 0 1 0 1
1220 0 0 1 0 1 0 1
1225 0 0 1 0 1 0 1
1230 0 0 1 0 1 0 1
1235 0 0 1 0 1 0 1
1240 0 0 1 0 1 0 1
1245 0 0 1 0 1 0 1
1250 0 0 1 0 1 0 1
1255 0 0 1 0 1 0 1
1260 0 0 1 0 1 0 1
1265 0 0 1 0 0 0 1
1270 0 0 1 0 0 0 1
1275 0 0 1 0 0 0 1
1280 0 0 1 0 0 0 1
1285 0 0 1 0 0 0 1
1290 0 0 1 0 0 0 1
1295 0 0 1 0 0 0 1
1300 0 0 1 0 0 0 1
1305 0 0 0 0 0 0 0
1310 0 0 0 0 0 0 0
1315 0 0 0 0 0 0 0
1320 0 0 0 0 0 0 0
1325 0 0 0 0 0 0 0
1330 0 0 0 0 0 0 0
1335 0 0 0 0 0 0 0
1340 0 0 0 0 0 0 0
1345 0 0 0 0 0 0 0
1350 0 0 0 0 0 0 0
1355 0 0 0 0 0 0 0
1360 0 0 0 0 0 0 0
1365 0 0 0 0 0 0 0
1370 0 0 0 0 0 0 0
1375 0 0 0 0 0 0 0
1380 0 0 0 0 0 0 0
1385 0 0 0 0 0 0 0
1390 0 1 0 0 0 0 0
1395 0 1 0 0 0 0 0
1400 1 0 0 0 0 1 0
1405 1 0 0 0 0 1 0
1410 1 0 0 0 0 1 0
1415 1 0 0 0 0 1 0
1420 1 0 0 0 1 1 0
1425 1 0 0 0 1 1 0
1430 1 0 0 0 1 1 0
1435 1 0 0 0 1 1 0
1440 1 0 0 0 1 1 0
1445 1 0 0 1 1 1 0
1450 1 0 0 1 1 1 0
1455 1 0 0 1 1 1 0
1460 1 0 0 1 1 1 0
1465 1 0 0 1 1 1 0
1470 1 0 1 0 1 1 1
1475 0 1 1 0 1 0 1
1480 0 0 1 0 1 0 1
1485 0 0 1 0 1 0 1
1490 0 0 1 0 1 0 1
1495 0 0 1 0 1 0 1
1500 0 0 1 0 1 0 1
1505 0 0 1 0 1 0 1
1510 0 0 1 0 1 0 1
1515 0 0 1 0 1 0 1
1520 0 0 1 0 1 0 1
1525 0 0 1 0 0 0 1
1530 0 0 1 0 0 0 1
1535 0 0 1 0 0 0 1
1540 0 0 1 0 0 0 1
1545 0 0 1 0 0 0 1
1550 0 0 1 0 0 0 1
1555 0 0 0 0 0 0 0
1560 0 0 0 0 0 0 0
1565 0 0 0 0 0 0 0
1570 0 0 0 0 0 0 0
1575 0 0 0 0 0 0 0
1580 0 0 0 0 0 0 0
1585 0 0 0 0 0 0 0
1590 0 0 0 0 0 0 0
1595 0 0 0 0 0 0 0
1600 0 0 0 0 0 0 0
1605 0 0 0 0 0 0 0
1610 0 0 0 0 0 0 0
1615 0 0 0 0 0 0 0
1620 0 1 0 0 0 0 0
1625 0 1 0 0 0 0 0
1630 0 1 0 0 0 0 0
1635 1 0 0 0 0 1 0
1640 1 0 0 0 0 1 0
1645 1 0 0 0 0 1 0
1650 1 0 0 0 1 1 0
1655 1 0 0 0 1 1 0
1660 1 0 0 0 1 1 0
1665 1 0 0 0 1 1 0
1670 1 0 0 0 1 1 0
1675 1 0 0 0 1 1 0
1680 1 0 0 0 1 1 0
1685 1 0 0 1 1 1 0
1690 1 0 1 0 1 1 1
1695 0 0 1 0 1 0 1
1700 0 0 1 0 1 0 1
1705 0 0 1 0 1 0 1
1710 0 0 1 0 1 0 1
1715 0 0 1 0 1 0 1
1720 0 0 1 0 1 0 1
1725 0 0 1 0 1 0 1
1730 0 0 1 0 1 0 1
1735 0 0 1 0 0 0 1
1740 0 0 1 0 0 0 1
1745 0 0 1 0 0 0 1
1750 0 0 1 0 0 0 1
1755 0 0 0 0 0 0 0
1760 0 0 0 0 0 0 0
1765 0 0 0 0 0 0 0
1770 0 0 0 0 0 0 0
1775 0 0 0 0 0 0 0
1780 0 0 0 0 0 0 0
1785 0 0 0 0 0 0 0
1790 0 0 0 0 0 0 0
1795 0 0 0 0 0 0 0
1800 0 0 0 0 0 0 0
1805 0 0 0 0 0 0 0
1810 0 0 0 0 0 0 0
1815 0 0 0 0 0 0 0
1820 0 0 0 0 0 0 0
1825 0 0 0 0 0 0 0
1830 0 0 0 0 0 0 0
1835 0 0 0 0 0 0 0
1840 0 0 0 0 0 0 0
