0 0 0 0 0 0 0 0
5 0 0 0 0 0 0 0
10 0 0 0 0 0 0 0
15 0 0 0 0 0 0 0
20 0 0 0 1 0 0 0
25 0 0 0 0 0 0 0
30 0 0 0 0 0 0 0
35 0 0 0 0 0 0 0
40 0 0 0 1 0 0 0
45 0 0 1 0 0 0 1
50 0 0 1 0 0 0 1
55 0 0 1 0 0 0 1
60 0 0 1 0 0 0 1
65 0 0 1 0 1 0 1
70 0 0 1 0 1 0 1
75 0 0 1 0 1 0 1
80 0 0 1 0 1 0 1
85 0 0 1 0 1 0 1
90 0 0 1 0 1 0 1
95 0 0 1 0 1 0 1
100 0 1 1 0 1 0 1
105 1 0 1 0 1 1 1
110 1 0 0 1 1 1 0
115 1 0 0 1 1 1 0
120 1 0 0 0 1 1 0
125 1 0 0 0 1 1 0
130 1 0 0 0 1 1 0
135 1 0 0 0 1 1 0
140 1 0 0 0 0 1 0
145 1 0 0 0 1 1 0
150 1 0 0 0 1 1 0
155 1 0 0 0 0 1 0
160 1 0 0 0 0 1 0
165 0 0 0 0 0 0 0
170 0 0 0 0 0 0 0
175 0 0 0 0 0 0 0
180 0 0 0 0 0 0 0
185 0 0 0 0 0 0 0
190 0 0 0 0 0 0 0
195 0 0 0 0 0 0 0
200 0 0 0 0 0 0 0
205 0 0 0 1 0 0 0
210 0 0 1 0 0 0 1
215 0 0 1 0 0 0 1
220 0 0 1 0 0 0 1
225 0 0 1 0 1 0 1
230 0 0 1 0 1 0 1
235 0 0 1 0 1 0 1
240 0 0 1 0 1 0 1
245 0 1 1 0 1 0 1
250 0 1 1 0 1 0 1
255 0 1 1 0 1 0 1
260 0 1 1 0 1 0 1
265 1 0 1 0 1 1 1
270 1 0 0 1 1 1 0
275 1 0 0 1 1 1 0
280 1 0 0 0 1 1 0
285 1 0 0 0 1 1 0
290 1 0 0 0 1 1 0
295 1 0 0 0 1 1 0
300 1 0 0 0 1 1 0
305 1 0 0 0 1 1 0
310 1 0 0 0 0 1 0
315 0 0 0 0 0 0 0
320 0 0 0 0 0 0 0
325 0 0 0 0 0 0 0
330 0 0 0 0 0 0 0
335 0 0 0 0 0 0 0
340 0 0 0 0 0 0 0
345 0 0 0 0 0 0 0
350 0 0 0 0 0 0 0
355 0 0 0 0 0 0 0
360 0 0 0 0 0 0 0
365 0 0 0 0 0 0 0
370 0 0 0 0 0 0 0
375 0 0 0 0 0 0 0
380 0 0 0 0 0 0 0
385 0 0 0 0 0 0 0
390 0 0 0 0 0 0 0
395 0 0 0 1 0 0 0
400 0 0 0 1 0 0 0
405 0 0 1 0 0 0 1
410 0 0 1 0 0 0 1
415 0 0 1 0 0 0 1
420 0 0 1 0 1 0 1
425 0 0 1 0 1 0 1
430 0 0 1 0 1 0 1
435 0 0 1 0 1 0 1
440 0 0 1 0 1 0 1
445 0 0 1 0 1 0 1
450 0 0 1 0 1 0 1
455 0 0 1 0 1 0 1
460 0 0 1 0 1 0 1
465 0 0 1 0 1 0 1
470 0 1 1 0 1 0 1
475 0 1 1 0 1 0 1
480 0 1 1 0 1 0 1
485 0 1 1 0 1 0 1
490 1 0 1 0 1 1 1
495 1 0 0 1 1 1 0
500 1 0 0 0 1 1 0
505 1 0 0 0 1 1 0
510 1 0 0 0 1 1 0
515 1 0 0 0 1 1 0
520 1 0 0 0 1 1 0
525 1 0 0 0 1 1 0
530 1 0 0 0 1 1 0
535 1 0 0 0 0 1 0
540 0 0 0 0 0 0 0
545 0 0 0 0 0 0 0
550 0 0 0 0 0 0 0
555 0 0 0 0 0 0 0
560 0 0 0 0 0 0 0
565 0 0 0 0 0 0 0
570 0 0 0 0 0 0 0
575 0 0 0 0 0 0 0
580 0 0 0 0 0 0 0
585 0 0 0 0 0 0 0
590 0 0 0 1 0 0 0
595 0 0 0 1 0 0 0
600 0 0 0 1 0 0 0
605 0 0 0 1 0 0 0
610 0 0 0 0 0 0 0
615 0 0 0 0 0 0 0
620 0 0 0 0 0 0 0
625 0 0 0 0 0 0 0
630 0 0 0 0 0 0 0
635 0 0 0 0 0 0 0
640 0 0 0 0 0 0 0
645 0 0 0 1 0 0 0
650 0 0 0 1 0 0 0
655 0 0 1 0 0 0 1
660 0 0 1 0 0 0 1
665 0 0 1 0 0 0 1
670 0 0 1 0 0 0 1
675 0 0 0 0 0 0 0
680 0 0 0 0 0 0 0
685 0 0 0 0 0 0 0
690 0 0 0 0 0 0 0
695 0 0 0 1 0 0 0
700 0 0 0 1 0 0 0
705 0 0 1 0 0 0 1
710 0 0 1 0 0 0 1
715 0 0 1 0 0 0 1
720 0 0 1 0 1 0 1
725 0 0 1 0 1 0 1
730 0 0 1 0 1 0 1
735 0 0 1 0 1 0 1
740 0 1 1 0 1 0 1
745 0 1 1 0 1 0 1
750 0 1 1 0 1 0 1
755 0 1 1 0 1 0 1
760 0 1 1 0 1 0 1
765 0 1 1 0 1 0 1
770 0 1 1 0 1 0 1
775 0 1 1 0 1 0 1
780 1 0 1 0 1 1 1
785 1 0 0 1 1 1 0
790 1 0 0 0 1 1 0
795 1 0 0 0 1 1 0
800 1 0 0 0 1 1 0
805 1 0 0 0 1 1 0
810 1 0 0 0 1 1 0
815 1 0 0 0 1 1 0
820 1 0 0 0 0 1 0
825 1 0 0 0 0 1 0
830 0 0 0 0 0 0 0
835 0 0 0 0 0 0 0
840 0 0 0 0 0 0 0
845 0 0 0 0 0 0 0
850 0 0 0 0 0 0 0
855 0 0 0 0 0 0 0
860 0 0 0 0 0 0 0
865 0 0 0 0 0 0 0
870 0 0 0 0 0 0 0
875 0 0 0 0 0 0 0
880 0 0 0 0 0 0 0
885 0 0 0 1 0 0 0
890 0 0 0 1 0 0 0
895 0 0 1 0 0 0 1
900 0 0 1 0 0 0 1
905 0 0 1 0 1 0 1
910 0 0 1 0 1 0 1
915 0 0 1 0 1 0 1
920 0 0 1 0 1 0 1
925 0 0 1 0 1 0 1
930 0 0 1 0 1 0 1
935 0 0 1 0 1 0 1
940 0 0 1 0 1 0 1
945 0 1 1 0 1 0 1
950 0 1 1 0 1 0 1
955 1 0 1 0 1 1 1
960 1 0 1 0 1 1 1
965 1 0 1 0 1 1 1
970 1 0 0 0 1 1 0
975 1 0 0 0 1 1 0
980 1 0 0 0 1 1 0
985 1 0 0 0 1 1 0
990 1 0 0 0 1 1 0
995 1 0 0 0 1 1 0
1000 1 0 0 0 0 1 0
1005 1 0 0 0 0 1 0
1010 0 0 0 0 0 0 0
1015 0 0 0 0 0 0 0
1020 0 0 0 0 0 0 0
1025 0 0 0 0 0 0 0
1030 0 0 0 0 0 0 0
1035 0 0 0 1 0 0 0
1040 0 0 0 0 0 0 0
1045 0 0 0 0 0 0 0
1050 0 0 0 1 0 0 0
1055 0 0 0 1 0 0 0
1060 0 0 1 0 0 0 1
1065 0 0 1 0 1 0 1
1070 0 0 1 0 1 0 1
1075 0 0 1 0 1 0 1
1080 0 0 1 0 1 0 1
1085 0 0 1 0 1 0 1
1090 0 0 1 0 1 0 1
1095 0 0 1 0 1 0 1
1100 0 0 1 0 1 0 1
1105 0 1 1 0 1 0 1
1110 0 1 1 0 1 0 1
1115 0 1 1 0 1 0 1
1120 1 0 1 0 1 1 1
1125 1 0 1 0 1 1 1
1130 1 0 0 1 1 1 0
1135 1 0 0 0 1 1 0
1140 1 0 0 0 1 1 0
1145 1 0 0 0 1 1 0
1150 1 0 0 0 1 1 0
1155 1 0 0 0 1 1 0
1160 1 0 0 0 1 1 0
1165 1 0 0 0 1 1 0
1170 1 0 0 0 0 1 0
1175 1 0 0 0 0 1 0
1180 0 0 0 0 0 0 0
1185 0 0 0 0 0 0 0
1190 0 0 0 0 0 0 0
1195 0 0 0 0 0 0 0
1200 0 0 0 0 0 0 0
1205 0 0 0 0 0 0 0
1210 0 0 0 0 0 0 0
1215 0 0 0 0 0 0 0
1220 0 0 0 0 0 0 0
1225 0 0 0 0 0 0 0
1230 0 0 0 0 0 0 0
1235 0 0 0 0 0 0 0
1240 0 0 0 0 0 0 0
1245 0 0 0 0 0 0 0
1250 0 0 0 0 0 0 0
1255 0 0 0 0 0 0 0
