0 0 0 0 0 0 0 0
5 0 0 0 0 0 0 0
10 0 0 0 0 0 0 0
15 0 0 0 0 0 0 0
20 0 0 0 0 0 0 0
25 0 0 0 0 0 0 0
30 0 0 0 0 0 0 0
35 0 0 0 0 0 0 0
40 0 0 0 0 0 0 0
45 0 0 0 0 0 0 0
50 0 0 0 0 0 0 0
55 0 0 0 0 0 0 0
60 0 0 0 0 0 0 0
65 0 0 0 0 0 0 0
70 0 0 0 0 0 0 0
75 0 0 0 0 0 0 0
80 0 0 0 0 0 0 0
85 0 0 0 0 0 0 0
90 0 0 0 0 0 0 0
95 0 1 0 0 0 0 0
100 0 0 0 0 0 0 0
105 0 0 0 0 0 0 0
110 0 1 0 0 0 0 0
115 0 1 0 0 0 0 0
120 0 1 0 0 0 0 0
125 0 0 0 0 0 0 0
130 0 0 0 0 0 0 0
135 0 0 0 0 0 0 0
140 0 0 0 0 0 0 0
145 0 0 0 0 0 0 0
150 0 0 0 1 0 0 0
155 0 0 0 1 0 0 0
160 0 0 0 0 0 0 0
165 0 0 0 0 0 0 0
170 0 0 0 0 0 0 0
175 0 0 0 1 0 0 0
180 0 0 0 1 0 0 1
185 0 0 0 1 0 0 1
190 0 0 0 1 0 0 0
195 0 0 0 1 0 0 0
200 0 0 0 1 0 0 0
205 0 0 0 1 0 0 0
210 0 0 0 1 0 0 0
215 0 0 1 0 0 0 1
220 0 0 1 0 0 0 1
225 0 0 1 0 0 0 1
230 0 0 1 0 0 0 1
235 0 0 1 0 0 0 1
240 0 0 1 0 0 0 1
245 0 0 1 0 0 0 1
250 0 0 1 0 0 0 1
255 0 0 1 0 0 0 1
260 0 0 1 0 0 0 1
265 0 0 1 0 0 0 1
270 0 0 1 0 0 0 1
275 0 0 1 0 0 0 1
280 0 0 1 0 0 0 1
285 0 0 1 0 0 0 1
290 0 0 1 0 0 0 1
295 0 0 1 0 0 0 1
300 0 0 1 0 0 0 1
305 0 0 0 0 0 0 0
310 0 0 0 1 0 0 0
315 0 0 1 0 0 0 1
320 0 0 1 0 0 0 1
325 0 0 1 0 0 0 1
330 0 0 1 0 0 0 1
335 0 0 1 0 0 0 1
340 0 0 1 0 1 0 1
345 0 0 1 0 1 0 1
350 0 0 1 0 1 0 1
355 0 0 1 0 1 0 1
360 0 0 1 0 1 0 1
365 0 1 1 0 1 0 1
370 0 1 1 0 1 0 1
375 1 0 1 0 1 1 1
380 1 0 1 0 1 1 1
385 0 1 1 0 1 0 1
390 0 0 1 0 1 0 1
395 0 0 1 0 1 0 1
400 0 0 1 0 1 0 1
405 0 0 1 0 1 0 1
410 0 0 1 0 1 0 1
415 0 0 1 0 1 0 1
420 0 0 1 0 1 0 1
425 0 0 1 0 1 0 1
430 0 0 1 0 1 0 1
435 0 0 1 0 1 0 1
440 0 0 1 0 1 0 1
445 0 0 1 0 1 0 1
450 0 0 1 0 1 0 1
455 0 0 1 0 1 0 1
460 0 0 1 0 1 0 1
465 0 0 1 0 1 0 1
470 0 0 1 0 1 0 1
475 0 0 1 0 1 0 1
480 0 0 1 0 0 0 1
485 0 0 1 0 0 0 1
490 0 0 1 0 0 0 1
495 0 0 1 0 0 0 1
500 0 0 1 0 0 0 1
505 0 0 1 0 0 0 1
510 0 0 0 0 0 0 0
515 0 0 0 0 0 0 0
520 0 0 0 0 0 0 0
525 0 0 0 0 0 0 0
530 0 0 0 0 0 0 0
535 0 0 0 0 0 0 0
540 0 0 0 0 0 0 0
545 0 0 0 0 0 0 0
550 0 0 0 0 0 0 0
555 0 0 0 0 0 0 0
560 0 0 0 0 0 0 0
565 0 0 0 0 0 0 0
570 0 0 0 0 0 0 0
575 0 0 0 0 0 0 0
580 0 0 0 0 0 0 0
585 0 0 0 0 0 0 0
590 0 1 0 0 0 0 0
595 0 1 0 0 0 0 0
600 0 1 0 0 0 0 0
605 0 1 0 0 0 0 0
610 1 0 0 0 0 1 0
615 1 0 0 0 0 1 0
620 1 0 0 0 0 1 0
625 1 0 0 0 0 1 0
630 1 0 0 0 1 1 0
635 1 0 0 0 1 1 0
640 1 0 0 0 1 1 0
645 1 0 0 0 1 1 0
650 1 0 0 0 1 1 0
655 1 0 0 1 1 1 0
660 1 0 0 1 1 1 0
665 1 0 0 1 1 1 0
670 1 0 0 1 1 1 0
675 1 0 0 1 1 1 0
680 1 0 0 1 1 1 0
685 1 0 1 0 1 1 1
690 0 1 1 0 1 0 1
695 0 1 1 0 1 0 1
700 0 0 1 0 1 0 1
705 0 0 1 0 1 0 1
710 0 0 1 0 1 0 1
715 0 0 1 0 1 0 1
720 0 0 1 0 1 0 1
725 0 0 1 0 1 0 1
730 0 0 1 0 1 0 1
735 0 0 1 0 1 0 1
740 0 0 1 0 1 0 1
745 0 0 1 0 1 0 1
750 0 0 1 0 0 0 1
755 0 0 1 0 0 0 1
760 0 0 0 0 0 0 0
765 0 0 0 0 0 0 0
770 0 0 0 0 0 0 0
775 0 0 0 0 0 0 0
780 0 0 0 0 0 0 0
785 0 0 0 0 0 0 0
790 0 0 0 0 0 0 0
795 0 0 0 0 0 0 0
800 0 0 0 0 0 0 0
805 0 0 0 0 0 0 0
810 0 0 0 0 0 0 0
815 0 0 0 0 0 0 0
820 0 0 0 0 0 0 0
825 0 0 0 0 0 0 0
830 0 0 0 0 0 0 0
835 0 0 0 0 0 0 0
840 0 0 0 0 0 0 0
845 0 0 0 0 0 0 0
850 0 0 0 0 0 0 0
855 0 0 0 0 0 0 0
860 0 0 0 0 0 0 0
865 0 0 0 0 0 0 0
870 0 0 0 0 0 0 0
875 0 1 0 0 0 0 0
880 0 1 0 0 0 0 0
885 0 1 0 0 0 1 0
890 0 0 0 0 0 1 0
895 0 0 0 0 0 0 0
900 0 1 0 0 0 0 0
905 0 1 0 0 0 0 0
910 0 1 0 0 0 0 0
915 0 0 0 0 0 0 0
920 0 0 0 0 0 0 0
925 0 0 0 0 0 0 0
930 0 0 0 0 0 0 0
935 0 1 0 0 0 0 0
940 1 0 0 0 0 1 0
945 1 0 0 0 0 1 0
950 1 0 0 0 1 1 0
955 1 0 0 0 1 1 0
960 1 0 0 0 1 1 0
965 1 0 0 0 1 1 0
970 1 0 0 0 1 1 0
975 1 0 0 1 1 1 0
980 1 0 0 1 1 1 0
985 1 0 0 1 1 1 0
990 1 0 0 1 1 1 0
995 1 0 1 0 1 1 1
1000 0 1 1 0 1 0 1
1005 0 0 1 0 1 0 1
1010 0 0 1 0 1 0 1
1015 0 0 1 0 1 0 1
1020 0 0 1 0 1 0 1
1025 0 0 1 0 1 0 1
1030 0 0 1 0 1 0 1
1035 0 0 1 0 0 0 1
1040 0 0 1 0 0 0 1
1045 0 0 0 0 0 0 0
1050 0 0 0 0 0 0 0
1055 0 0 0 0 0 0 0
1060 0 0 0 0 0 0 0
1065 0 0 0 0 0 0 0
1070 0 0 0 0 0 0 0
1075 0 0 0 0 0 0 0
1080 0 0 0 0 0 0 0
1085 0 0 0 0 0 0 0
1090 0 0 0 0 0 0 0
1095 0 0 0 0 0 0 0
1100 0 0 0 0 0 0 0
1105 0 0 0 0 0 0 0
1110 0 1 0 0 0 0 0
1115 0 1 0 0 0 0 0
1120 0 1 0 0 0 0 0
1125 1 0 0 0 0 1 0
1130 1 0 0 0 0 1 0
1135 1 0 0 0 1 1 0
1140 1 0 0 0 1 1 0
1145 1 0 0 0 1 1 0
1150 1 0 0 0 1 1 0
1155 1 0 0 1 1 1 0
1160 1 0 0 0 1 1 0
1165 1 0 0 0 1 1 0
1170 1 0 0 1 1 1 0
1175 1 0 0 1 1 1 0
1180 1 0 0 1 1 1 0
1185 1 0 0 1 1 1 0
1190 1 0 0 1 1 1 0
1195 1 0 0 1 1 1 0
1200 1 0 1 0 1 1 1
1205 0 0 1 0 1 0 1
1210 0 0 1 0 1 0 1
1215 0 0 1 0 1 0 1
1220 0 0 1 0 1 0 1
1225 0 0 1 0 1 0 1
1230 0 0 1 0 1 0 1
1235 0 0 1 0 1 0 1
1240 0 0 1 0 1 0 1
1245 0 0 1 0 1 0 1
1250 0 0 1 0 1 0 1
1255 0 0 1 0 1 0 1
1260 0 0 1 0 1 0 1
1265 0 0 1 0 1 0 1
1270 0 0 1 0 1 0 1
1275 0 0 1 0 1 0 1
1280 0 0 1 0 1 0 1
1285 0 0 1 0 1 0 1
1290 0 0 1 0 1 0 1
1295 0 0 1 0 1 0 1
1300 0 0 1 0 1 0 1
1305 0 0 1 0 1 0 1
1310 0 0 1 0 1 0 1
1315 0 0 1 0 1 0 1
1320 0 0 1 0 1 0 1
1325 0 0 1 0 0 0 1
1330 0 0 1 0 0 0 1
1335 0 0 1 0 1 0 1
1340 0 0 1 0 0 0 1
1345 0 0 1 0 0 0 1
1350 0 0 1 0 0 0 1
1355 0 0 0 0 0 0 0
1360 0 0 0 0 0 0 0
1365 0 0 0 0 0 0 0
1370 0 0 0 0 0 0 0
1375 0 0 0 0 0 0 0
1380 0 0 0 0 0 0 0
1385 0 0 0 0 0 0 0
1390 0 0 0 0 0 0 0
1395 0 0 0 0 0 0 0
1400 0 1 0 0 0 0 0
1405 0 1 0 0 0 0 0
1410 0 0 0 0 0 0 0
1415 0 1 0 0 0 0 0
1420 0 1 0 0 0 0 0
1425 0 1 0 0 0 0 0
1430 0 0 0 0 0 0 0
1435 0 0 0 0 0 0 0
1440 0 1 0 0 0 0 0
1445 0 0 0 0 0 0 0
1450 0 0 0 0 0 0 0
1455 0 1 0 0 0 0 0
1460 0 1 0 0 0 0 0
1465 0 1 0 0 0 0 0
1470 0 1 0 0 0 0 0
1475 0 1 0 0 0 0 0
1480 1 0 0 0 0 1 0
1485 1 0 0 0 1 1 0
1490 1 0 0 0 1 1 0
1495 1 0 0 0 1 1 0
1500 1 0 0 0 1 1 0
1505 1 0 0 0 1 1 0
1510 1 0 0 0 1 1 0
1515 1 0 0 0 1 1 0
1520 1 0 0 0 1 1 0
1525 1 0 0 0 1 1 0
1530 1 0 0 1 1 1 0
1535 1 0 0 1 1 1 0
1540 1 0 0 1 1 1 0
1545 1 0 0 1 1 1 0
1550 1 0 1 0 1 1 1
1555 0 1 1 0 1 0 1
1560 0 0 1 0 1 0 1
1565 0 0 1 0 1 0 1
1570 0 0 1 0 1 0 1
1575 0 0 1 0 1 0 1
1580 0 0 1 0 1 0 1
1585 0 0 1 0 1 0 1
1590 0 0 1 0 1 0 1
1595 0 0 1 0 0 0 1
1600 0 0 1 0 0 0 1
1605 0 0 1 0 0 0 1
1610 0 0 1 0 0 0 1
1615 0 0 1 0 0 0 1
1620 0 0 1 0 0 0 1
1625 0 0 1 0 0 0 1
1630 0 0 1 0 0 0 1
1635 0 0 1 0 0 0 1
1640 0 0 1 0 0 0 1
1645 0 0 1 0 0 0 1
1650 0 0 1 0 0 0 1
1655 0 0 1 0 0 0 1
1660 0 0 1 0 0 0 1
1665 0 0 1 0 0 0 1
1670 0 0 1 0 0 0 1
1675 0 0 0 0 0 0 0
1680 0 0 0 0 0 0 0
1685 0 0 0 0 0 0 0
1690 0 0 0 0 0 0 0
1695 0 0 0 0 0 0 0
1700 0 0 0 0 0 0 0
1705 0 0 0 0 0 0 0
1710 0 0 0 0 0 0 0
1715 0 0 0 0 0 0 0
1720 0 0 0 0 0 0 0
1725 0 0 0 0 0 0 0
1730 0 0 0 0 0 0 0
1735 0 0 0 0 0 0 0
1740 0 0 0 0 0 0 0
1745 0 0 0 0 0 0 0
1750 0 0 0 0 0 0 0
1755 0 1 0 0 0 0 0
1760 1 0 0 0 0 1 0
1765 1 0 0 0 0 1 0
1770 1 0 0 0 1 1 0
1775 1 0 0 0 1 1 0
1780 1 0 0 0 1 1 0
1785 1 0 0 0 1 1 0
1790 1 0 0 0 1 1 0
1795 1 0 0 0 1 1 0
1800 1 0 0 0 1 1 0
1805 1 0 0 0 1 1 0
1810 1 0 0 1 1 1 0
1815 1 0 0 1 1 1 0
1820 1 0 0 1 1 1 0
1825 1 0 1 0 1 1 1
1830 0 0 1 0 1 0 1
1835 0 0 1 0 1 0 1
1840 0 0 1 0 1 0 1
1845 0 0 1 0 1 0 1
1850 0 0 1 0 1 0 1
1855 0 0 1 0 1 0 1
1860 0 0 1 0 0 0 1
1865 0 0 1 0 0 0 1
1870 0 0 1 0 0 0 1
1875 0 0 1 0 0 0 1
1880 0 0 1 0 0 0 1
1885 0 0 1 0 0 0 1
1890 0 0 1 0 0 0 1
1895 0 0 1 0 0 0 1
1900 0 0 1 0 0 0 1
1905 0 0 1 0 0 0 1
1910 0 0 1 0 0 0 1
1915 0 0 1 0 0 0 1
1920 0 0 1 0 0 0 1
1925 0 0 1 0 1 0 1
1930 0 0 1 0 1 0 1
1935 0 0 1 0 0 0 1
1940 0 0 1 0 0 0 1
1945 0 0 1 0 0 0 1
1950 0 0 1 0 0 0 1
1955 0 0 0 0 0 0 0
1960 0 0 0 0 0 0 0
1965 0 0 0 0 0 0 0
1970 0 0 0 0 0 0 0
1975 0 0 0 0 0 0 0
1980 0 0 0 0 0 0 0
1985 0 0 0 0 0 0 0
1990 0 0 0 0 0 0 0
1995 0 0 0 0 0 0 0
2000 0 0 0 0 0 0 0
2005 0 0 0 0 0 0 0
2010 0 0 0 0 0 0 0
2015 0 0 0 0 0 0 0
2020 0 0 0 0 0 0 0
2025 0 0 0 0 0 0 0
2030 0 0 0 0 0 0 0
2035 0 0 0 0 0 0 0
2040 0 0 0 0 0 0 0
