0 0 0 0 0 0 0 0
5 0 0 0 0 0 0 0
10 0 0 0 0 0 0 0
15 0 0 0 0 0 0 0
20 0 0 0 0 0 0 0
25 0 0 0 0 0 0 0
30 0 0 0 0 0 0 0
35 0 0 0 0 0 0 0
40 0 0 0 0 0 0 0
45 0 0 0 0 0 0 0
50 0 0 0 0 0 0 0
55 0 0 0 0 0 0 0
60 0 0 0 0 0 0 0
65 0 0 0 0 0 0 0
70 0 0 0 0 0 0 0
75 0 0 0 0 0 0 0
80 0 0 0 0 0 0 0
85 0 0 0 0 0 0 0
90 0 0 0 0 0 0 0
95 0 0 0 0 0 0 0
100 0 0 0 0 0 0 0
105 0 0 0 0 0 0 0
110 0 0 0 0 0 0 0
115 0 0 0 0 0 0 0
120 0 0 0 0 0 0 0
125 0 0 0 0 0 0 0
130 0 0 0 0 0 0 0
135 0 0 0 0 0 0 0
140 0 0 0 0 0 0 0
145 0 0 0 0 0 0 0
150 0 0 0 0 0 0 0
155 0 0 0 0 0 0 0
160 0 0 0 0 0 0 0
165 0 1 0 0 0 0 0
170 1 0 0 0 0 1 0
175 1 0 0 0 0 1 0
180 1 0 0 0 0 1 0
185 1 0 0 0 1 1 0
190 1 0 0 0 1 1 0
195 1 0 0 0 1 1 0
200 1 0 0 0 1 1 0
205 1 0 0 0 1 1 0
210 1 0 0 0 1 1 0
215 1 0 0 0 1 1 0
220 1 0 0 0 1 1 0
225 1 0 0 0 1 1 0
230 1 0 0 0 1 1 0
235 1 0 0 0 1 1 0
240 1 0 0 0 1 1 0
245 1 0 0 1 1 1 0
250 1 0 0 1 1 1 0
255 1 0 0 1 1 1 0
260 1 0 0 1 1 1 0
265 1 0 0 1 1 1 0
270 1 0 0 1 1 1 0
275 1 0 0 1 1 1 0
280 1 0 0 1 1 1 0
285 1 0 0 1 1 1 0
290 1 0 0 1 1 1 0
295 1 0 0 1 1 1 0
300 0 0 1 0 1 0 1
305 0 0 1 0 1 0 1
310 0 0 1 0 1 0 1
315 0 0 1 0 1 0 1
320 0 0 1 0 1 0 1
325 0 0 1 0 1 0 1
330 0 0 1 0 1 0 1
335 0 0 1 0 1 0 1
340 0 0 1 0 1 0 1
345 0 0 1 0 1 0 1
350 0 0 1 0 1 0 1
355 0 0 1 0 1 0 1
360 0 0 1 0 1 0 1
365 0 0 1 0 1 0 1
370 0 0 1 0 1 0 1
375 0 0 1 0 0 0 1
380 0 0 0 0 0 0 0
385 0 0 0 0 0 0 0
390 0 0 0 0 0 0 0
395 0 0 0 0 0 0 0
400 0 0 0 0 0 0 0
405 0 0 0 0 0 0 0
410 0 0 0 0 0 0 0
415 0 0 0 0 0 0 0
420 0 0 0 0 0 0 0
425 0 1 0 0 0 0 0
430 0 1 0 0 0 0 0
435 1 0 0 0 0 1 0
440 1 0 0 0 0 1 0
445 1 0 0 0 1 1 0
450 1 0 0 0 1 1 0
455 1 0 0 0 1 1 0
460 1 0 0 0 1 1 0
465 1 0 0 1 1 1 0
470 1 0 0 1 1 1 0
475 1 0 0 1 1 1 0
480 1 0 0 1 1 1 0
485 1 0 0 1 1 1 0
490 1 0 0 1 1 1 0
495 1 0 0 1 1 1 0
500 1 0 0 1 1 1 0
505 1 0 0 1 1 1 0
510 1 0 0 0 1 1 0
515 1 0 0 0 1 1 0
520 1 0 0 0 1 1 0
525 1 0 0 0 1 1 0
530 1 0 0 1 1 1 0
535 1 0 1 0 1 1 1
540 0 0 1 0 1 1 1
545 0 0 1 0 1 0 1
550 0 0 1 0 1 0 1
555 0 0 1 0 1 0 1
560 0 0 1 0 1 0 1
565 0 0 1 0 1 0 1
570 0 0 1 0 1 0 1
575 0 0 1 0 1 0 1
580 0 0 1 0 1 0 1
585 0 0 1 0 1 0 1
590 0 0 1 0 1 0 1
595 0 0 1 0 1 0 1
600 0 0 1 0 1 0 1
605 0 0 1 0 1 0 1
610 0 0 1 0 1 0 1
615 0 0 1 0 0 0 1
620 0 0 1 0 0 0 1
625 0 0 0 0 0 0 0
630 0 0 0 0 0 0 0
635 0 0 0 0 0 0 0
640 0 0 0 0 0 0 0
645 0 0 0 0 0 0 0
650 0 0 0 0 0 0 0
655 0 0 0 0 0 0 0
660 0 0 0 0 0 0 0
665 0 0 0 0 0 0 0
670 0 0 0 0 0 0 0
675 0 0 0 0 0 0 0
680 0 0 0 0 0 0 0
685 0 1 0 0 0 0 0
690 0 1 0 0 0 0 0
695 0 0 0 0 0 0 0
700 0 0 0 0 0 0 0
705 0 0 0 0 0 0 0
710 0 1 0 0 0 0 0
715 0 1 0 0 0 0 0
720 0 0 0 0 0 0 0
725 0 0 0 0 0 0 0
730 0 0 0 0 0 0 0
735 0 0 0 0 0 0 0
740 0 0 0 0 0 0 0
745 0 0 0 0 0 0 0
750 0 0 0 0 0 0 0
755 0 0 0 0 0 0 0
760 0 0 0 0 0 0 0
765 0 0 0 0 0 0 0
770 0 0 0 0 0 0 0
775 0 0 0 0 0 0 0
780 0 0 0 0 0 0 0
785 0 1 0 0 0 0 0
790 0 1 0 0 0 0 0
795 1 0 0 0 0 1 0
800 1 0 0 0 0 1 0
805 1 0 0 0 1 1 0
810 1 0 0 0 1 1 0
815 1 0 0 0 1 1 0
820 1 0 0 0 1 1 0
825 1 0 0 0 1 1 0
830 1 0 0 1 1 1 0
835 1 0 0 1 1 1 0
840 1 0 0 1 1 1 0
845 1 0 0 1 1 1 0
850 1 0 0 1 1 1 0
855 1 0 1 0 1 1 1
860 0 0 1 0 1 0 1
865 0 0 1 0 1 0 1
870 0 0 1 0 1 0 1
875 0 0 1 0 1 0 1
880 0 0 1 0 1 0 1
885 0 0 1 0 1 0 1
890 0 0 1 0 1 0 1
895 0 0 1 0 1 0 1
900 0 0 1 0 1 0 1
905 0 0 1 0 1 0 1
910 0 0 1 0 1 0 1
915 0 0 1 0 1 0 1
920 0 0 1 0 1 0 1
925 0 0 1 0 1 0 1
930 0 0 1 0 0 0 1
935 0 0 1 0 0 0 1
940 0 0 1 0 0 0 1
945 0 0 1 0 1 0 1
950 0 0 1 0 1 0 1
955 0 0 1 0 1 0 1
960 0 0 1 0 1 0 1
965 0 0 0 0 0 0 0
970 0 0 0 0 0 0 0
975 0 0 0 0 0 0 0
980 0 0 0 0 0 0 0
985 0 0 0 0 0 0 0
990 0 0 0 0 0 0 0
995 0 0 0 0 0 0 0
1000 0 0 0 0 0 0 0
1005 0 0 0 0 0 0 0
1010 0 0 0 0 0 0 0
1015 0 0 0 0 0 0 0
1020 0 0 0 0 0 0 0
1025 0 0 0 0 0 0 0
1030 0 1 0 0 0 0 0
1035 0 1 0 0 0 0 0
1040 0 1 0 0 0 0 0
1045 0 1 0 0 0 0 0
1050 0 0 0 0 0 0 0
1055 0 0 0 0 0 0 0
1060 0 0 0 0 0 0 0
1065 0 0 0 0 0 0 0
1070 0 0 0 0 0 0 0
1075 0 0 0 0 0 0 0
1080 0 0 0 0 0 0 0
1085 0 0 0 0 0 0 0
1090 0 0 0 0 0 0 0
1095 0 0 0 0 0 0 0
1100 0 0 0 0 0 0 0
1105 0 0 0 0 0 0 0
1110 0 0 0 0 0 0 0
1115 0 0 0 0 0 0 0
1120 0 0 0 0 0 0 0
1125 0 0 0 0 0 0 0
1130 0 0 0 0 0 0 0
1135 0 0 0 0 0 0 0
1140 0 0 0 0 0 0 0
1145 0 0 0 0 0 0 0
1150 0 0 0 0 0 0 0
1155 0 0 0 0 0 0 0
1160 0 0 0 0 0 0 0
1165 0 0 0 0 0 0 0
1170 0 0 0 0 0 0 0
1175 0 0 0 0 0 0 0
1180 0 0 0 0 0 0 0
1185 0 0 0 0 0 0 0
1190 0 0 0 0 0 0 0
1195 0 0 0 0 0 0 0
1200 0 0 0 0 0 0 0
1205 0 0 0 0 0 0 0
1210 0 0 0 0 0 0 0
1215 0 0 0 0 0 0 0
1220 0 0 0 0 0 0 0
1225 0 0 0 0 0 0 0
1230 0 0 0 0 0 0 0
1235 0 0 0 0 0 0 0
1240 0 0 0 0 0 0 0
1245 0 0 0 0 0 0 0
1250 0 0 0 0 0 0 0
1255 0 0 0 0 0 0 0
1260 0 0 0 0 0 0 0
1265 0 0 0 0 0 0 0
1270 0 1 0 0 0 0 0
1275 0 1 0 0 0 0 0
1280 0 1 0 0 0 0 0
1285 0 1 0 0 0 0 0
1290 0 1 0 0 0 0 0
1295 0 1 0 0 0 0 0
1300 1 0 0 0 0 1 0
1305 1 0 0 0 0 1 0
1310 1 0 0 0 1 1 0
1315 1 0 0 0 1 1 0
1320 1 0 0 0 1 1 0
1325 1 0 0 0 1 1 0
1330 1 0 0 0 1 1 0
1335 1 0 0 0 1 1 0
1340 1 0 0 0 1 1 0
1345 1 0 0 0 1 1 0
1350 1 0 0 0 1 1 0
1355 1 0 0 1 1 1 0
1360 1 0 0 1 1 1 0
1365 1 0 0 0 1 1 0
1370 1 0 0 0 1 1 0
1375 1 0 0 1 1 1 0
1380 1 0 0 1 1 1 0
1385 1 0 1 0 1 1 1
1390 0 0 1 0 1 0 1
1395 0 0 1 0 1 0 1
1400 0 0 1 0 1 0 1
1405 0 0 1 0 1 0 1
1410 0 0 1 0 1 0 1
1415 0 0 1 0 1 0 1
1420 0 0 1 0 1 0 1
1425 0 0 1 0 1 0 1
1430 0 0 1 0 1 0 1
1435 0 0 1 0 0 0 1
1440 0 0 1 0 0 0 1
1445 0 0 0 0 0 0 0
1450 0 0 0 0 0 0 0
1455 0 0 0 0 0 0 0
1460 0 0 0 0 0 0 0
1465 0 0 0 0 0 0 0
1470 0 0 0 0 0 0 0
1475 0 0 0 0 0 0 0
1480 0 0 0 0 0 0 0
1485 0 0 0 0 0 0 0
1490 0 1 0 0 0 0 0
1495 0 1 0 0 0 0 0
1500 1 0 0 0 0 1 0
1505 1 0 0 0 0 1 0
1510 1 0 0 0 1 1 0
1515 1 0 0 0 1 1 0
1520 1 0 0 0 1 1 0
1525 1 0 0 0 1 1 0
1530 1 0 0 0 1 1 0
1535 1 0 0 0 1 1 0
1540 1 0 0 1 1 1 0
1545 1 0 0 1 1 1 0
1550 1 0 1 0 1 1 1
1555 0 0 1 0 1 0 1
1560 0 0 1 0 1 0 1
1565 0 0 1 0 1 0 1
1570 0 0 1 0 1 0 1
1575 0 0 1 0 1 0 1
1580 0 0 1 0 1 0 1
1585 0 0 1 0 1 0 1
1590 0 0 1 0 1 0 1
1595 0 0 1 0 1 0 1
1600 0 0 1 0 1 0 1
1605 0 0 1 0 0 0 1
1610 0 0 1 0 0 0 1
1615 0 0 1 0 0 0 1
1620 0 0 1 0 0 0 1
1625 0 0 0 0 0 0 0
1630 0 0 0 0 0 0 0
1635 0 0 0 0 0 0 0
1640 0 0 0 0 0 0 0
1645 0 0 0 0 0 0 0
1650 0 0 0 0 0 0 0
1655 0 0 0 0 0 0 0
1660 0 0 0 0 0 0 0
1665 0 0 0 0 0 0 0
1670 0 0 0 0 0 0 0
1675 0 0 0 0 0 0 0
1680 0 0 0 0 0 0 0
1685 0 0 0 0 0 0 0
1690 0 0 0 0 0 0 0
1695 0 0 0 0 0 0 0
1700 0 0 0 0 0 0 0
1705 0 0 0 0 0 0 0
1710 0 0 0 0 0 0 0
1715 0 0 0 0 0 0 0
1720 0 0 0 0 0 0 0
1725 0 0 0 0 0 0 0
1730 0 0 0 0 0 0 0
1735 0 1 0 0 0 0 0
1740 0 1 0 0 0 0 0
1745 1 0 0 0 0 1 0
1750 1 0 0 0 0 1 0
1755 1 0 0 0 1 1 0
1760 1 0 0 0 1 1 0
1765 1 0 0 0 1 1 0
1770 1 0 0 0 1 1 0
1775 1 0 0 0 1 1 0
1780 1 0 0 1 1 1 0
1785 1 0 1 0 1 1 1
1790 0 0 1 0 1 0 1
1795 0 0 1 0 1 0 1
1800 0 0 1 0 1 0 1
1805 0 0 1 0 1 0 1
1810 0 0 1 0 1 0 1
1815 0 0 1 0 1 0 1
1820 0 0 1 0 1 0 1
1825 0 0 1 0 1 0 1
1830 0 0 1 0 1 0 1
1835 0 0 1 0 1 0 1
1840 0 0 1 0 1 0 1
1845 0 0 1 0 1 0 1
1850 0 0 1 0 0 0 1
1855 0 0 1 0 0 0 1
1860 0 0 0 0 0 0 0
1865 0 0 0 0 0 0 0
1870 0 0 0 0 0 0 0
1875 0 0 0 0 0 0 0
1880 0 0 0 0 0 0 0
1885 0 0 0 0 0 0 0
1890 0 0 0 0 0 0 0
1895 0 0 0 0 0 0 0
1900 0 0 0 0 0 0 0
1905 0 0 0 0 0 0 0
1910 0 0 0 0 0 0 0
1915 0 0 0 0 0 0 0
1920 0 0 0 0 0 0 0
1925 0 0 0 0 0 0 0
1930 0 0 0 0 0 0 0
1935 0 0 0 0 0 0 0
1940 0 0 0 0 0 0 0
1945 0 0 0 0 0 0 0
1950 0 0 0 0 0 0 0
1955 0 0 0 0 0 0 0
1960 0 0 0 0 0 0 0
1965 0 0 0 0 0 0 0
1970 0 0 0 0 0 0 0
1975 0 0 0 0 0 0 0
1980 0 0 0 0 0 0 0
1985 0 0 0 0 0 0 0
1990 0 0 0 0 0 0 0
