0 0 0 0 0 0
10 0 0 0 0 0
20 0 0 0 0 0
30 0 0 0 0 0
40 0 0 0 0 0
50 0 0 0 0 0
60 0 0 0 0 0
70 0 0 0 0 0
80 0 0 0 0 0
90 0 0 0 0 0
100 0 0 0 0 0
110 0 0 0 0 0
120 0 0 0 0 0
130 0 0 0 0 0
140 0 0 0 0 0
150 0 0 0 0 0
160 0 0 0 0 0
170 0 0 0 0 0
180 0 0 0 0 0
190 0 3 0 3 0
200 0 3 0 3 0
210 0 3 0 3 0
220 0 3 0 3 0
230 0 3 0 3 0
240 0 3 3 0 0
250 0 3 3 0 0
260 0 3 3 0 0
270 0 3 3 0 0
280 0 0 3 0 0
290 0 3 3 0 0
300 0 3 3 0 0
310 3 0 3 0 0
320 3 0 3 0 0
330 3 0 3 0 0
340 3 0 0 3 0
350 3 0 0 3 0
360 3 0 0 0 0
370 3 0 0 3 0
380 3 0 0 3 0
390 3 0 0 0 1
400 3 0 0 0 1
410 3 0 0 0 1
420 3 0 0 0 1
430 3 0 0 3 1
440 3 0 0 3 1
450 3 0 0 3 1
460 3 0 0 3 1
470 3 0 0 3 1
480 3 0 0 3 1
490 3 0 0 3 1
500 3 0 0 3 1
510 3 0 0 3 1
520 3 0 0 3 1
530 3 0 0 3 1
540 3 0 0 3 1
550 3 0 0 3 1
560 3 0 0 3 0
570 3 0 0 3 0
580 3 0 3 0 0
590 3 0 3 0 0
600 3 0 3 0 0
610 3 0 3 0 0
620 3 0 3 0 0
630 3 0 3 0 2
640 3 0 3 0 2
650 3 0 3 0 2
660 3 0 3 0 2
670 3 0 3 0 3
680 3 0 3 0 3
690 3 0 3 0 3
700 3 0 3 0 3
710 3 0 3 0 3
720 3 0 3 0 3
730 0 3 0 3 0
740 0 3 0 3 0
750 0 3 0 0 0
760 0 0 0 0 0
770 0 0 0 0 0
780 0 0 0 3 0
790 0 3 0 3 0
800 0 3 0 3 0
810 0 3 0 3 0
820 0 3 0 3 0
830 0 3 3 0 0
840 0 3 3 0 0
850 0 3 3 0 0
860 0 0 3 0 0
870 0 0 3 0 0
880 0 0 3 0 0
890 3 0 3 0 0
900 3 0 3 0 0
910 3 0 3 0 0
920 3 0 3 0 0
930 3 0 3 0 0
940 3 0 0 0 0
950 3 0 0 0 0
960 3 0 3 0 0
970 3 0 3 0 0
980 3 0 0 3 1
990 3 0 0 3 1
1000 3 0 0 3 1
1010 3 0 0 3 1
1020 3 0 0 3 1
1030 3 0 0 3 1
1040 3 0 0 3 1
1050 3 0 0 3 1
1060 3 0 0 3 1
1070 3 0 0 3 1
1080 3 0 0 3 1
1090 3 0 0 3 1
1100 3 0 0 3 1
1110 3 0 0 3 1
1120 3 0 0 3 1
1130 3 0 0 3 1
1140 3 0 0 3 1
1150 3 0 3 0 1
1160 3 0 3 0 1
1170 3 0 3 0 2
1180 3 0 3 0 2
1190 3 0 3 0 2
1200 3 0 3 0 2
1210 3 0 3 0 2
1220 3 0 3 0 2
1230 3 0 3 0 2
1240 3 0 3 0 2
1250 3 0 3 0 2
1260 3 0 3 0 2
1270 3 0 3 0 2
1280 3 0 3 0 2
1290 3 0 3 0 2
1300 3 0 3 0 2
1310 0 3 3 0 2
1320 0 3 0 0 2
1330 0 3 0 3 2
1340 0 3 0 3 2
1350 0 3 0 3 2
1360 0 3 3 0 2
1370 0 3 0 3 2
1380 0 3 3 0 3
1390 3 0 3 0 3
1400 3 0 3 0 3
1410 3 0 3 0 3
1420 3 0 3 0 3
1430 3 0 3 0 3
1440 3 0 0 3 3
1450 0 0 0 0 0
1460 0 0 0 0 0
1470 0 0 0 0 0
1480 0 0 0 0 0
1490 0 0 0 0 0
1500 0 0 0 0 0
1510 0 0 0 0 0
1520 0 0 0 0 0
1530 0 0 0 0 0
1540 0 0 0 0 0
1550 0 0 0 0 0
1560 0 0 0 0 0
1570 0 0 0 0 0
1580 0 0 0 0 0
1590 0 0 0 0 0
