0 0 0 0 0 0
10 0 0 0 0 0
20 0 0 0 0 0
30 0 3 0 0 0
40 3 0 0 0 0
50 3 0 0 0 0
60 3 0 0 0 0
70 3 0 0 0 0
80 3 0 0 0 0
90 3 0 0 3 0
100 3 0 0 3 0
110 3 0 0 3 0
120 3 0 0 3 0
130 3 0 3 0 0
140 0 0 3 0 0
150 0 0 3 0 0
160 0 0 3 0 0
170 0 0 3 0 0
180 0 0 3 0 0
190 0 3 3 0 0
200 0 3 3 0 0
210 0 3 3 0 0
220 3 0 3 0 0
230 3 0 3 0 0
240 3 0 0 3 0
250 3 0 0 0 0
260 3 0 0 0 0
270 3 0 0 3 0
280 3 0 0 0 0
290 3 0 0 3 0
300 3 0 0 3 0
310 3 0 0 3 0
320 3 0 0 3 0
330 3 0 0 3 0
340 3 0 0 3 1
350 3 0 0 3 1
360 3 0 3 0 1
370 3 0 3 0 1
380 3 0 3 0 1
390 3 0 3 0 1
400 3 0 3 0 1
410 3 0 3 0 2
420 3 0 3 0 2
430 3 0 3 0 2
440 3 0 3 0 2
450 3 0 3 0 2
460 3 0 3 0 2
470 3 0 3 0 2
480 3 0 3 0 2
490 3 0 3 0 2
500 3 0 3 0 3
510 3 0 3 0 3
520 0 3 3 0 3
530 0 0 3 0 3
540 0 0 3 0 3
550 0 0 3 0 3
560 0 0 3 0 3
570 0 3 3 0 3
580 3 0 3 0 3
590 3 0 3 0 3
600 3 0 3 0 3
610 3 0 3 0 3
620 3 0 3 0 3
630 0 3 3 0 3
640 0 0 0 0 0
650 0 0 0 0 0
660 0 0 0 0 0
670 0 0 0 0 0
680 0 0 0 0 0
690 0 3 0 0 0
700 0 3 0 0 0
710 0 3 0 0 0
720 0 3 0 0 0
730 0 3 0 0 0
740 0 3 0 0 0
750 3 0 0 0 0
760 3 0 0 0 0
770 3 0 0 0 0
780 3 0 0 0 0
790 3 0 0 0 0
800 3 0 0 3 0
810 3 0 0 3 0
820 3 0 3 0 0
830 0 0 3 0 0
840 0 0 3 0 0
850 0 0 3 0 0
860 0 3 3 0 0
870 0 3 3 0 0
880 0 3 3 0 0
890 0 0 3 0 0
900 0 0 3 0 0
910 0 0 3 0 0
920 0 3 3 0 0
930 0 0 3 0 0
940 0 0 3 0 0
950 0 0 3 0 0
960 0 3 3 0 0
970 0 3 3 0 0
980 3 0 3 0 0
990 3 0 3 0 0
1000 3 0 3 0 0
1010 3 0 3 0 0
1020 3 0 0 0 0
1030 3 0 0 0 0
1040 3 0 0 0 0
1050 3 0 0 3 0
1060 3 0 0 3 0
1070 3 0 0 3 0
1080 3 0 0 3 0
1090 3 0 0 3 0
1100 3 0 0 3 0
1110 3 0 0 3 0
1120 3 0 0 3 1
1130 3 0 0 3 1
1140 3 0 0 3 1
1150 3 0 0 3 1
1160 3 0 0 3 1
1170 3 0 0 3 1
1180 3 0 0 3 1
1190 3 0 0 3 1
1200 3 0 0 3 1
1210 3 0 0 3 1
1220 3 0 0 3 1
1230 3 0 3 0 1
1240 3 0 3 0 1
1250 3 0 3 0 1
1260 3 0 3 0 2
1270 3 0 3 0 2
1280 3 0 3 0 2
1290 3 0 3 0 2
1300 3 0 3 0 2
1310 3 0 3 0 2
1320 3 0 3 0 2
1330 3 0 3 0 2
1340 3 0 3 0 2
1350 3 0 3 0 2
1360 3 0 3 0 3
1370 3 0 0 0 3
1380 3 0 0 0 3
1390 3 0 0 0 3
1400 3 0 0 3 3
1410 3 0 3 0 3
1420 3 0 3 0 3
1430 3 0 3 0 3
1440 3 0 3 0 3
1450 3 0 3 0 3
1460 3 0 3 0 3
1470 3 0 0 0 3
1480 3 0 0 0 3
1490 3 0 0 0 3
1500 3 0 0 3 3
1510 3 0 0 3 3
1520 3 0 0 3 3
1530 3 0 0 3 3
1540 3 0 0 3 3
1550 3 0 0 3 3
1560 3 0 0 3 3
1570 3 0 0 3 3
1580 3 0 0 3 3
1590 3 0 0 3 3
1600 3 0 3 0 3
1610 3 0 3 0 3
1620 3 0 3 0 3
1630 3 0 3 0 3
1640 3 0 3 0 3
1650 3 0 3 0 3
1660 3 0 3 0 3
1670 3 0 3 0 3
1680 3 0 3 0 3
1690 3 0 3 0 3
1700 3 0 3 0 3
1710 3 0 3 0 3
1720 3 0 0 0 3
1730 3 0 0 0 3
1740 3 0 0 0 3
1750 3 0 0 3 3
1760 3 0 0 3 3
1770 3 0 0 3 3
1780 3 0 0 3 3
1790 3 0 0 3 3
1800 3 0 3 0 3
1810 3 0 0 0 3
1820 3 0 0 0 3
1830 3 0 0 3 3
1840 3 0 3 0 3
1850 3 0 3 0 3
1860 3 0 3 0 3
1870 3 0 3 0 3
1880 3 0 3 0 3
1890 3 0 3 0 3
1900 3 0 3 0 3
1910 0 3 3 0 3
1920 0 0 3 0 3
1930 0 0 3 0 3
1940 0 0 3 0 3
1950 0 0 3 0 3
1960 3 0 3 0 3
1970 3 0 3 0 3
1980 3 0 3 0 3
1990 3 0 3 0 3
2000 0 3 3 0 3
2010 0 0 3 0 3
2020 0 0 3 0 3
2030 3 0 3 0 3
2040 3 0 3 0 3
2050 3 0 3 0 3
2060 3 0 3 0 3
2070 3 0 3 0 3
2080 3 0 3 0 3
2090 3 0 3 0 3
2100 0 3 3 0 3
2110 0 0 0 0 0
2120 0 0 0 0 0
2130 0 0 0 0 0
2140 0 0 0 0 0
2150 0 0 0 0 0
2160 0 0 0 0 0
2170 0 0 0 0 0
2180 0 0 0 0 0
2190 0 0 0 0 0
2200 0 0 0 0 0
2210 0 0 0 0 0
2220 0 0 0 0 0
2230 0 0 0 0 0
2240 0 0 0 0 0
2250 0 0 0 0 0
2260 0 0 0 0 0
2270 0 0 0 0 0
2280 0 0 0 0 0
