0 3 0 3 0 0
10 3 0 3 0 0
20 0 0 0 0 0
30 0 0 0 0 0
40 0 0 0 0 0
50 0 0 0 0 0
60 0 0 0 0 0
70 0 0 0 0 0
80 0 0 0 0 0
90 3 0 0 0 0
100 3 0 0 0 0
110 3 0 0 0 0
120 3 0 0 0 0
130 3 0 0 0 0
140 3 0 0 3 0
150 3 0 0 3 0
160 3 0 0 3 0
170 3 0 0 3 0
180 3 0 0 3 0
190 3 0 0 3 0
200 3 0 0 3 0
210 3 0 0 3 0
220 3 0 0 3 1
230 3 0 0 3 1
240 3 0 0 3 1
250 3 0 0 3 1
260 3 0 0 3 1
270 3 0 0 3 1
280 3 0 0 3 1
290 3 0 0 3 1
300 3 0 0 3 1
310 3 0 0 3 1
320 3 0 0 3 1
330 3 0 3 0 1
340 3 0 3 0 1
350 3 0 3 0 1
360 3 0 3 0 1
370 3 0 3 0 1
380 3 0 3 0 1
390 3 0 3 0 1
400 3 0 3 0 1
410 3 0 3 0 1
420 3 0 3 0 1
430 3 0 3 0 1
440 3 0 3 0 1
450 3 0 3 0 1
460 3 0 3 0 1
470 3 0 3 0 1
480 3 0 3 0 1
490 3 0 3 0 1
500 3 0 3 0 1
510 3 0 3 0 2
520 3 0 3 0 2
530 3 0 3 0 2
540 3 0 3 0 3
550 3 0 3 0 3
560 0 0 0 0 0
570 0 0 0 0 0
580 0 0 0 0 0
590 0 0 0 0 0
600 0 0 0 0 0
610 0 0 0 0 0
620 0 0 0 0 0
630 0 0 0 0 0
640 0 0 0 0 0
650 0 0 0 0 0
660 0 0 0 0 0
670 0 0 0 0 0
680 0 0 0 0 0
690 0 0 0 0 0
700 3 0 3 0 2
710 3 0 3 0 2
720 3 0 3 0 2
730 3 0 3 0 2
740 3 0 3 0 2
750 0 0 0 0 0
760 0 0 0 0 0
770 0 0 0 0 0
780 0 0 0 0 0
790 0 0 0 0 0
800 0 0 0 0 0
810 0 0 0 0 0
820 0 0 0 0 0
830 0 0 0 0 0
840 3 0 0 0 0
850 3 0 0 0 0
860 3 0 0 0 0
870 3 0 0 0 0
880 3 0 0 0 0
890 3 0 0 0 0
900 3 0 0 0 0
910 3 0 0 0 0
920 3 0 0 0 0
930 3 0 0 0 0
940 3 0 0 0 0
950 3 0 0 0 0
960 3 0 0 3 1
970 3 0 0 3 1
980 3 0 0 3 1
990 3 0 0 3 1
1000 3 0 0 3 1
1010 3 0 0 3 1
1020 3 0 0 3 1
1030 3 0 0 3 1
1040 3 0 0 3 1
1050 3 0 0 3 1
1060 3 0 0 3 1
1070 3 0 0 3 1
1080 3 0 0 3 1
1090 3 0 0 3 1
1100 3 0 3 0 1
1110 3 0 3 0 1
1120 3 0 3 0 1
1130 3 0 3 0 1
1140 3 0 3 0 1
1150 3 0 3 0 1
1160 3 0 3 0 1
1170 3 0 3 0 1
1180 3 0 3 0 1
1190 3 0 3 0 1
1200 3 0 3 0 1
1210 3 0 3 0 1
1220 3 0 3 0 1
1230 3 0 3 0 1
1240 3 0 3 0 1
1250 3 0 3 0 2
1260 3 0 3 0 2
1270 3 0 3 0 3
1280 3 0 3 0 3
1290 3 0 0 0 3
1300 0 0 0 0 0
1310 0 0 0 0 0
1320 0 0 0 0 0
1330 0 0 0 0 0
1340 0 0 0 0 0
1350 0 0 0 0 0
1360 0 0 0 0 0
1370 0 0 0 0 0
1380 0 0 0 0 0
1390 0 0 0 0 0
1400 0 0 0 0 0
1410 0 0 0 0 0
1420 0 0 0 0 0
1430 0 0 0 0 0
1440 0 0 0 0 0
1450 0 0 0 0 0
1460 0 0 0 0 0
1470 0 0 0 0 0
1480 0 0 0 0 0
1490 0 0 0 0 0
1500 0 0 0 0 0
1510 0 0 0 0 0
1520 0 0 0 0 0
1530 0 0 0 0 0
1540 0 0 0 0 0
1550 0 0 0 0 0
1560 0 0 0 0 0
1570 0 0 0 0 0
1580 0 0 0 0 0
1590 0 0 0 0 0
1600 0 0 0 0 0
1610 0 0 0 0 0
