0 0 0 0 0 0
10 0 0 0 0 0
20 0 0 0 0 0
30 0 0 0 0 0
40 0 0 0 0 0
50 0 0 0 0 0
60 0 0 0 3 0
70 0 0 0 3 0
80 3 0 0 3 0
90 3 0 0 3 0
100 3 0 0 3 0
110 3 0 0 3 0
120 3 0 0 3 0
130 3 0 0 3 0
140 3 0 0 3 0
150 3 0 0 3 0
160 3 0 0 0 0
170 3 0 0 0 0
180 3 0 0 0 0
190 3 0 0 0 0
200 3 0 0 0 0
210 3 0 0 0 0
220 3 0 0 0 0
230 3 0 0 0 0
240 3 0 0 0 0
250 3 0 0 0 0
260 3 0 0 0 0
270 3 0 0 0 1
280 3 0 0 0 1
290 3 0 0 0 1
300 3 0 0 0 1
310 3 0 0 0 1
320 3 0 0 3 1
330 3 0 0 3 1
340 3 0 0 3 1
350 3 0 0 3 1
360 3 0 0 3 1
370 3 0 3 0 1
380 3 0 3 0 1
390 3 0 3 0 1
400 3 0 3 0 1
410 3 0 3 0 1
420 3 0 3 0 1
430 3 0 3 0 1
440 3 0 3 0 1
450 3 0 3 0 1
460 3 0 3 0 1
470 3 0 3 0 1
480 3 0 3 0 1
490 3 0 3 0 1
500 3 0 3 0 1
510 3 0 3 0 1
520 3 0 3 0 1
530 3 0 3 0 1
540 3 0 3 0 1
550 3 0 3 0 1
560 3 0 3 0 1
570 3 0 3 0 1
580 3 0 3 0 1
590 3 0 3 0 1
600 3 0 3 0 2
610 3 0 3 0 2
620 3 0 3 0 2
630 3 0 0 0 2
640 3 0 0 0 2
650 3 0 0 0 2
660 3 0 0 0 2
670 3 0 0 0 2
680 3 0 0 0 2
690 3 0 0 0 2
700 3 0 0 0 2
710 0 0 0 0 0
720 0 0 0 0 0
730 0 0 0 0 0
740 0 0 0 0 0
750 0 0 0 0 0
760 0 0 0 0 0
770 0 0 0 0 0
780 0 0 0 0 0
790 0 0 0 0 0
800 0 0 0 0 0
810 0 0 0 0 0
820 0 0 0 0 0
830 0 0 0 0 0
840 0 0 0 0 0
850 0 0 0 0 0
860 0 0 0 0 0
870 3 0 0 0 0
880 3 0 0 0 0
890 3 0 0 0 0
900 3 0 0 0 0
910 3 0 0 0 0
920 3 0 0 0 0
930 0 0 0 0 0
940 0 0 0 0 0
950 0 0 0 0 0
960 0 0 0 0 0
970 0 0 0 0 0
980 0 0 0 0 0
990 3 0 0 0 0
1000 3 0 0 0 0
1010 3 0 0 0 0
1020 3 0 0 0 0
1030 3 0 0 0 0
1040 3 0 0 0 0
1050 3 0 0 0 0
1060 3 0 0 0 0
1070 3 0 0 0 0
1080 3 0 0 0 0
1090 3 0 0 0 0
1100 3 0 0 3 0
1110 3 0 0 3 0
1120 3 0 0 3 0
1130 3 0 0 0 0
1140 3 0 0 0 0
1150 3 0 0 0 0
1160 3 0 0 0 0
1170 3 0 0 0 0
1180 3 0 0 0 0
1190 3 0 0 0 0
1200 3 0 0 0 0
1210 3 0 0 0 0
1220 3 0 0 0 0
1230 3 0 0 0 0
1240 3 0 0 0 0
1250 3 0 0 0 0
1260 3 0 0 0 0
1270 3 0 0 0 0
1280 3 0 0 0 0
1290 3 0 0 0 0
1300 3 0 0 0 0
1310 3 0 0 3 1
1320 3 0 0 3 1
1330 3 0 0 3 1
1340 3 0 0 3 1
1350 3 0 0 3 1
1360 3 0 0 3 1
1370 3 0 0 3 1
1380 3 0 0 3 1
1390 3 0 0 3 1
1400 3 0 0 3 1
1410 3 0 0 3 1
1420 3 0 0 3 1
1430 3 0 0 3 1
1440 3 0 0 3 1
1450 3 0 0 3 1
1460 3 0 0 3 1
1470 3 0 0 3 1
1480 3 0 0 3 1
1490 3 0 3 0 1
1500 3 0 3 0 1
1510 3 0 3 0 1
1520 3 0 3 0 1
1530 3 0 3 0 1
1540 3 0 3 0 1
1550 3 0 3 0 1
1560 3 0 3 0 1
1570 3 0 3 0 1
1580 3 0 3 0 1
1590 3 0 3 0 2
1600 3 0 3 0 2
1610 3 0 3 0 2
1620 3 0 3 0 2
1630 3 0 0 0 2
1640 3 0 0 0 2
1650 3 0 0 0 2
1660 0 0 0 0 2
1670 0 0 0 0 2
1680 0 0 0 0 2
1690 0 0 0 0 2
1700 0 0 0 0 2
1710 0 0 0 0 2
1720 0 0 0 0 2
1730 0 0 0 0 2
1740 0 0 0 0 2
