0 0 0 0 0 0
5 0 0 0 0 0
10 0 0 0 0 0
15 0 0 0 0 0
20 0 0 0 0 0
25 0 0 0 1 0
30 0 0 0 1 0
35 0 0 0 1 0
40 0 0 0 1 0
45 0 0 0 1 0
50 0 0 1 0 3
55 0 0 1 0 3
60 0 0 1 0 3
65 0 0 1 0 3
70 0 0 1 0 3
75 0 0 1 0 3
80 0 0 1 0 3
85 0 0 1 0 4
90 0 0 1 0 4
95 0 0 1 0 4
100 0 0 1 0 4
105 0 0 1 0 4
110 0 0 1 0 4
115 0 0 1 0 4
120 0 0 1 0 4
125 0 0 1 0 4
130 0 0 1 0 4
135 0 0 1 0 4
140 0 0 1 0 4
145 0 0 1 0 4
150 0 0 0 0 0
155 0 0 0 0 0
160 0 0 0 0 0
165 0 0 0 0 0
170 0 0 0 0 0
175 0 0 0 0 0
180 0 0 0 0 0
185 0 0 0 0 0
190 0 0 0 0 0
195 0 0 0 1 1
200 0 0 0 1 1
205 0 0 0 1 1
210 0 0 0 1 1
215 0 0 0 1 1
220 0 0 1 0 2
225 0 0 1 0 2
230 0 0 1 0 2
235 0 0 1 0 2
240 0 1 1 0 2
245 0 1 1 0 2
250 0 1 1 0 2
255 0 1 1 0 2
260 0 1 1 0 2
265 0 1 1 0 3
270 0 1 1 0 3
275 0 1 1 0 3
280 0 0 1 0 3
285 0 0 1 0 3
290 0 0 1 0 3
295 0 0 1 0 3
300 0 0 1 0 3
305 0 0 1 0 4
310 0 0 1 0 4
315 0 0 1 0 4
320 0 0 1 0 4
325 0 0 1 0 4
330 0 0 1 0 4
335 0 0 1 0 4
340 0 0 1 0 4
345 0 0 1 0 4
350 0 0 1 0 4
355 0 0 1 0 4
360 0 0 1 0 4
365 0 0 1 0 4
370 0 0 1 0 4
375 0 0 1 0 4
380 0 0 1 0 4
385 0 0 1 0 4
390 0 0 1 0 4
395 0 0 1 0 4
400 0 0 0 0 0
405 0 0 0 0 0
410 0 0 0 0 0
415 0 0 0 0 0
420 0 0 0 0 0
425 0 0 0 0 0
430 0 0 0 0 0
435 0 0 0 0 0
440 0 0 0 0 0
445 0 0 0 0 0
450 0 0 0 0 0
455 0 0 0 0 0
460 0 0 0 0 0
465 0 0 0 0 0
470 0 0 0 0 0
475 0 0 0 0 0
480 0 0 0 0 0
485 0 0 0 0 0
490 0 0 0 0 0
495 0 0 0 0 1
500 0 0 0 0 1
505 0 0 0 1 1
510 0 0 0 1 1
515 0 0 0 1 1
520 0 0 0 1 1
525 0 0 1 0 2
530 0 0 1 0 2
535 0 1 1 0 2
540 0 1 1 0 2
545 0 1 1 0 2
550 0 1 1 0 2
555 0 1 1 0 2
560 0 1 1 0 2
565 0 1 1 0 2
570 0 1 1 0 2
575 0 1 1 0 2
580 0 1 1 0 2
585 0 1 1 0 2
590 0 1 1 0 2
595 0 1 1 0 2
600 0 1 1 0 2
605 0 1 1 0 2
610 0 1 1 0 2
615 0 1 1 0 2
620 0 1 1 0 2
625 0 1 1 0 2
630 0 1 1 0 2
635 0 1 1 0 2
640 0 1 1 0 2
645 0 0 1 0 3
650 0 0 1 0 3
655 0 0 1 0 3
660 0 0 1 0 3
665 0 0 1 0 3
670 0 0 1 0 3
675 0 0 1 0 3
680 0 0 1 0 3
685 0 0 1 0 3
690 0 0 1 0 3
695 0 0 1 0 3
700 0 0 1 0 3
705 0 0 1 0 3
710 0 0 1 0 3
715 0 0 1 0 3
720 0 0 1 0 3
725 0 0 1 0 3
730 0 0 1 0 3
735 0 0 1 0 3
740 0 0 1 0 3
745 0 0 1 0 3
750 0 0 1 0 3
755 0 0 1 0 4
760 0 0 1 0 4
765 0 0 1 0 4
770 0 0 1 0 4
775 0 0 1 0 4
780 0 0 1 0 4
785 0 0 1 0 4
790 0 0 1 0 4
795 0 0 1 0 4
800 0 0 1 0 4
805 0 0 1 0 4
810 0 0 1 0 4
815 0 0 1 0 4
820 0 0 1 0 4
825 0 0 1 0 4
830 0 0 1 0 4
835 0 0 0 0 0
840 0 0 0 0 0
845 0 0 0 0 0
850 0 0 0 0 0
855 0 0 0 0 0
860 0 0 0 0 0
865 0 0 0 1 1
870 0 0 0 1 1
875 0 0 0 1 1
880 0 0 0 1 1
885 0 0 0 1 1
890 0 0 0 1 1
895 0 0 0 1 1
900 0 0 0 1 1
905 0 0 1 0 3
910 0 0 1 0 3
915 0 0 1 0 3
920 0 0 1 0 3
925 0 0 1 0 3
930 0 0 1 0 4
935 0 0 1 0 4
940 0 0 1 0 4
945 0 0 1 0 4
950 0 0 1 0 4
955 0 0 1 0 4
960 0 0 1 0 4
965 0 0 1 0 4
970 0 0 1 0 4
975 0 0 1 0 4
980 0 0 1 0 4
985 0 0 1 0 4
990 0 0 1 0 4
995 0 0 1 0 4
1000 0 0 1 0 4
1005 0 0 1 0 4
1010 0 0 1 0 4
1015 0 0 1 0 4
1020 0 0 1 0 4
1025 0 0 1 0 4
1030 0 0 1 0 4
1035 0 0 1 0 4
1040 0 0 1 0 4
1045 0 0 1 0 4
1050 0 0 1 0 4
1055 0 0 1 0 4
1060 0 0 0 0 0
1065 0 0 0 0 0
1070 0 0 0 0 0
1075 0 0 0 0 0
1080 0 0 0 0 0
1085 0 0 0 0 0
1090 0 0 0 0 0
1095 0 0 0 0 0
1100 0 0 0 1 1
1105 0 0 0 1 1
1110 0 0 0 1 1
1115 0 0 0 1 2
1120 0 0 0 1 2
1125 0 0 1 0 2
1130 0 0 1 0 2
1135 0 0 1 0 2
1140 0 1 1 0 2
1145 0 1 1 0 2
1150 0 1 1 0 2
1155 0 1 1 0 2
1160 0 0 1 0 3
1165 0 0 1 0 3
1170 0 0 1 0 3
1175 0 0 1 0 3
1180 0 0 1 0 3
1185 0 0 1 0 3
1190 0 0 1 0 3
1195 0 0 1 0 3
1200 0 0 1 0 3
1205 0 0 1 0 3
1210 0 0 1 0 3
1215 0 0 1 0 4
1220 0 0 1 0 4
1225 0 0 1 0 4
1230 0 0 1 0 4
1235 0 0 0 0 0
1240 0 0 0 0 0
1245 0 0 0 0 0
1250 0 0 0 0 0
1255 0 0 0 0 0
1260 0 0 0 0 0
1265 0 0 0 0 0
1270 0 0 0 0 0
1275 0 0 0 0 0
1280 0 0 0 0 0
1285 0 0 0 0 0
1290 0 0 0 0 0
1295 0 0 0 1 1
1300 0 0 0 1 1
1305 0 0 0 1 1
1310 0 0 0 1 1
1315 0 0 0 1 1
1320 0 0 0 1 1
1325 0 0 0 1 1
1330 0 0 0 1 1
1335 0 0 0 1 1
1340 0 0 1 0 3
1345 0 0 1 0 3
1350 0 0 1 0 3
1355 0 0 1 0 3
1360 0 0 1 0 3
1365 0 0 1 0 3
1370 0 0 1 0 4
1375 0 0 1 0 4
1380 0 0 1 0 4
1385 0 0 1 0 4
1390 0 0 1 0 4
1395 0 0 1 0 4
1400 0 0 1 0 4
1405 0 0 1 0 4
1410 0 0 1 0 4
1415 0 0 1 0 4
1420 0 0 0 0 0
1425 0 0 0 0 0
1430 0 0 0 0 0
1435 0 0 0 0 0
1440 0 0 0 0 0
1445 0 0 0 0 0
1450 0 0 0 0 0
1455 0 0 0 0 0
1460 0 0 0 0 0
1465 0 0 0 0 0
1470 0 0 0 0 0
1475 0 0 0 0 0
1480 0 0 0 0 0
1485 0 0 0 0 0
1490 0 0 0 0 0
1495 0 0 0 0 0
1500 0 0 0 0 0
1505 0 0 0 0 0
1510 0 0 0 0 0
1515 0 0 0 0 0
1520 0 0 0 0 0
1525 0 0 0 0 0
1530 0 0 0 0 0
1535 0 0 0 1 1
1540 0 0 0 1 1
1545 0 0 0 1 1
1550 0 0 0 1 1
1555 0 0 1 0 3
1560 0 0 1 0 3
1565 0 0 1 0 3
1570 0 0 1 0 3
1575 0 0 1 0 3
1580 0 0 1 0 3
1585 0 0 1 0 3
1590 0 0 1 0 3
1595 0 0 1 0 3
1600 0 0 1 0 3
1605 0 0 1 0 3
1610 0 0 1 0 3
1615 0 0 1 0 3
1620 0 0 1 0 3
1625 0 0 1 0 3
1630 0 0 1 0 3
1635 0 0 1 0 3
1640 0 0 1 0 3
1645 0 0 1 0 4
1650 0 0 1 0 4
1655 0 0 1 0 4
1660 0 0 1 0 4
1665 0 0 1 0 4
1670 0 0 1 0 4
1675 0 0 1 0 4
1680 0 0 1 0 4
1685 0 0 1 0 4
1690 0 0 1 0 4
1695 0 0 1 0 4
1700 0 0 1 0 4
1705 0 0 1 0 4
1710 0 0 1 0 4
1715 0 0 1 0 4
1720 0 0 0 0 0
1725 0 0 0 0 0
1730 0 0 0 0 0
1735 0 0 0 0 0
1740 0 0 0 0 0
1745 0 0 0 0 0
