0 0 0 0 0 0
5 0 0 0 0 0
10 0 0 0 0 0
15 0 0 0 0 0
20 0 0 0 0 0
25 0 0 0 0 0
30 0 0 0 0 0
35 0 0 0 0 0
40 0 0 0 0 0
45 0 0 0 0 0
50 0 0 0 0 0
55 0 0 0 0 0
60 0 0 0 0 0
65 0 0 0 0 0
70 0 0 0 0 0
75 0 0 0 0 0
80 0 1 0 0 1
85 0 1 0 0 1
90 1 0 0 0 2
95 1 0 0 0 2
100 1 0 0 0 2
105 1 0 0 0 2
110 1 0 0 1 2
115 1 0 0 1 2
120 1 0 0 1 2
125 1 0 0 1 2
130 1 0 0 1 2
135 1 0 0 1 2
140 1 0 0 1 2
145 1 0 0 1 2
150 1 0 0 1 2
155 1 0 0 1 2
160 1 0 0 1 2
165 1 0 0 1 2
170 1 0 0 0 3
175 1 0 0 0 3
180 1 0 0 0 3
185 1 0 0 0 3
190 1 0 0 0 3
195 1 0 0 0 3
200 1 0 0 0 3
205 1 0 0 0 3
210 1 0 0 0 3
215 1 0 0 0 4
220 1 0 0 0 4
225 1 0 0 0 4
230 1 0 0 0 4
235 1 0 0 0 4
240 1 0 0 0 4
245 1 0 0 0 4
250 1 0 0 0 4
255 1 0 0 0 4
260 1 0 0 0 4
265 1 0 0 0 4
270 0 0 0 0 0
275 0 0 0 0 0
280 0 0 0 0 0
285 0 0 0 0 0
290 0 0 0 0 0
295 0 0 0 0 0
300 0 1 0 0 1
305 0 1 0 0 1
310 0 1 0 0 1
315 0 1 0 0 1
320 0 1 0 0 1
325 0 1 0 0 1
330 0 1 0 0 1
335 0 1 0 0 1
340 0 1 0 0 1
345 0 1 0 0 1
350 0 1 0 0 1
355 0 1 0 0 1
360 0 1 0 0 1
365 0 1 0 0 1
370 0 1 0 0 1
375 0 1 0 0 1
380 0 1 0 0 1
385 1 0 0 0 3
390 1 0 0 0 3
395 1 0 0 0 3
400 1 0 0 0 3
405 1 0 0 0 3
410 1 0 0 0 3
415 1 0 0 0 3
420 1 0 0 0 3
425 1 0 0 0 4
430 1 0 0 0 4
435 1 0 0 0 4
440 0 0 0 0 0
445 0 0 0 0 0
450 0 0 0 0 0
455 0 0 0 0 0
460 0 0 0 0 1
465 0 0 0 0 1
470 0 1 0 0 1
475 0 1 0 0 1
480 0 1 0 0 1
485 0 1 0 0 1
490 0 1 0 0 1
495 0 1 0 0 1
500 0 1 0 0 1
505 0 1 0 0 1
510 0 1 0 0 1
515 1 0 1 0 2
520 1 0 1 0 2
525 1 0 1 0 2
530 1 0 1 0 2
535 1 0 1 0 2
540 1 0 1 0 2
545 1 0 1 0 2
550 1 0 1 0 2
555 1 0 0 0 3
560 1 0 0 0 3
565 1 0 0 0 3
570 1 0 0 0 3
575 1 0 0 0 3
580 1 0 0 0 3
585 1 0 0 0 4
590 1 0 0 0 4
595 1 0 0 0 4
600 1 0 0 0 4
605 1 0 0 0 4
610 1 0 0 0 4
615 1 0 0 0 4
620 1 0 0 0 4
625 1 0 0 0 4
630 1 0 0 0 4
635 1 0 0 0 4
640 1 0 0 0 4
645 0 0 0 0 0
650 0 0 0 0 0
655 0 0 0 0 0
660 0 0 0 0 0
665 0 0 0 0 0
670 0 0 0 0 0
675 0 0 0 0 0
680 0 0 0 0 0
685 0 1 0 0 1
690 0 1 0 0 1
695 0 1 0 0 1
700 0 1 0 0 1
705 0 1 0 0 1
710 0 1 0 0 1
715 0 1 0 0 1
720 0 1 0 0 1
725 0 1 0 0 1
730 1 0 0 0 3
735 1 0 0 0 3
740 1 0 0 0 3
745 1 0 0 0 3
750 1 0 0 0 3
755 1 0 0 0 3
760 1 0 0 0 3
765 1 0 0 0 3
770 1 0 0 0 4
775 1 0 0 0 4
780 1 0 0 0 4
785 1 0 0 0 4
790 1 0 0 0 4
795 1 0 0 0 4
800 1 0 0 0 4
805 1 0 0 0 4
810 0 0 0 0 0
815 0 0 0 0 0
820 0 0 0 0 0
825 0 0 0 0 0
830 0 0 0 0 0
835 0 0 0 0 0
840 0 0 0 0 0
845 0 1 0 0 1
850 0 1 0 0 1
855 0 1 0 0 1
860 1 0 0 1 2
865 1 0 0 1 2
870 1 0 0 1 2
875 1 0 0 1 2
880 1 0 0 1 2
885 1 0 0 0 3
890 1 0 0 0 3
895 1 0 0 0 3
900 1 0 0 0 3
905 1 0 0 0 3
910 1 0 0 0 3
915 1 0 0 0 3
920 1 0 0 0 3
925 1 0 0 0 3
930 1 0 0 0 4
935 1 0 0 0 4
940 1 0 0 0 4
945 1 0 0 0 4
950 1 0 0 0 4
955 1 0 0 0 4
960 1 0 0 0 4
965 1 0 0 0 4
970 0 0 0 0 0
975 0 0 0 0 0
980 0 0 0 0 0
985 0 0 0 0 0
990 0 0 0 0 0
995 0 0 0 0 0
1000 0 0 0 0 0
1005 0 1 0 0 1
1010 0 1 0 0 1
1015 0 1 0 0 1
1020 0 1 0 0 1
1025 0 1 0 0 1
1030 0 1 0 0 1
1035 1 0 0 0 3
1040 1 0 0 0 3
1045 1 0 0 0 3
1050 1 0 0 0 3
1055 1 0 0 0 3
1060 1 0 0 0 3
1065 1 0 0 0 3
1070 1 0 0 0 3
1075 1 0 0 0 3
1080 1 0 0 0 3
1085 1 0 0 0 3
1090 1 0 0 0 3
1095 1 0 0 0 3
1100 1 0 0 0 3
1105 1 0 0 0 3
1110 1 0 0 0 3
1115 1 0 0 0 3
1120 1 0 0 0 3
1125 1 0 0 0 3
1130 1 0 0 0 3
1135 1 0 0 0 3
1140 1 0 0 0 3
1145 1 0 0 0 3
1150 1 0 0 0 3
1155 1 0 0 0 3
1160 1 0 0 0 3
1165 1 0 0 0 3
1170 1 0 0 0 3
1175 0 0 0 1 0
1180 0 0 0 1 0
1185 0 0 0 0 0
1190 0 0 0 0 0
1195 0 0 0 0 0
1200 0 0 0 0 0
1205 0 0 0 0 0
1210 0 0 0 0 0
1215 0 0 0 0 0
1220 0 0 0 0 0
1225 0 0 0 0 0
1230 0 0 0 0 0
1235 0 0 0 0 0
1240 0 0 0 0 0
1245 0 0 0 0 0
1250 0 0 0 0 0
1255 0 0 0 0 0
1260 0 0 0 0 0
1265 0 0 0 0 0
1270 0 0 0 0 0
1275 0 0 0 0 0
1280 0 0 0 0 0
1285 0 0 0 0 0
1290 0 0 0 0 0
1295 0 0 0 0 0
1300 0 0 0 0 0
1305 0 0 0 0 0
1310 0 0 0 0 0
1315 0 0 0 0 0
1320 0 0 0 0 0
1325 0 0 0 0 0
1330 0 0 0 0 0
1335 0 1 0 0 1
1340 0 1 0 0 1
1345 0 1 0 0 1
1350 0 1 0 0 1
1355 0 1 0 0 1
1360 0 1 0 0 1
1365 0 1 0 0 1
1370 0 1 0 0 1
1375 0 1 0 0 1
1380 0 1 0 0 1
1385 0 1 0 0 1
1390 0 1 0 0 1
1395 0 1 0 0 1
1400 0 1 0 0 1
1405 0 1 0 0 1
1410 0 1 0 0 1
1415 0 1 0 0 1
1420 0 1 0 0 1
1425 0 1 0 0 1
1430 0 1 0 0 1
1435 1 0 0 0 3
1440 1 0 0 0 3
1445 1 0 0 0 3
1450 1 0 0 0 3
1455 1 0 0 0 3
1460 1 0 0 0 3
1465 1 0 0 0 3
1470 1 0 0 0 3
1475 1 0 0 0 3
1480 1 0 0 0 3
1485 1 0 0 0 4
1490 1 0 0 0 4
1495 1 0 0 0 4
1500 1 0 0 0 4
1505 1 0 0 0 4
1510 1 0 0 0 4
1515 1 0 0 0 4
1520 0 0 0 0 0
1525 0 0 0 0 0
1530 0 0 0 0 0
1535 0 0 0 0 0
1540 0 0 0 0 0
1545 0 0 0 0 0
1550 0 0 0 0 0
1555 0 0 0 0 0
1560 0 0 0 0 0
1565 0 0 0 0 0
1570 0 0 0 0 0
1575 0 0 0 0 0
1580 0 0 0 0 0
1585 0 0 0 0 0
1590 0 0 0 0 0
1595 0 0 0 0 0
1600 0 0 0 0 0
1605 0 0 0 0 0
1610 0 0 0 0 1
1615 0 0 0 0 1
1620 0 0 0 0 1
1625 0 0 0 0 1
1630 0 0 0 0 1
1635 0 0 0 0 1
1640 0 0 0 0 1
1645 0 0 0 0 1
1650 0 0 0 0 1
1655 0 0 0 0 1
1660 0 0 0 0 1
1665 0 0 0 0 1
1670 0 0 0 0 1
1675 0 0 0 0 1
1680 0 0 0 0 1
1685 0 0 0 0 1
1690 0 0 0 0 1
1695 0 0 0 0 1
1700 0 0 0 0 1
1705 0 0 0 0 1
1710 0 0 0 0 0
1715 0 0 0 0 0
1720 0 0 0 0 0
1725 0 0 0 0 0
1730 0 0 0 0 0
1735 0 0 0 0 0
1740 0 0 0 0 0
1745 0 0 0 0 0
1750 0 0 0 0 0
1755 0 0 0 0 0
1760 0 0 0 0 0
1765 0 0 0 0 0
1770 0 0 0 0 0
1775 0 0 0 0 0
1780 0 0 0 0 0
1785 0 0 0 0 0
1790 0 0 0 0 0
1795 0 0 0 0 0
1800 0 0 0 0 0
1805 0 0 0 0 0
1810 0 0 0 0 0
1815 0 0 0 0 0
1820 0 0 0 0 0
1825 0 0 0 0 0
1830 0 0 0 0 0
1835 0 0 0 0 0
1840 0 0 0 0 0
1845 0 0 0 0 0
1850 0 0 0 0 0
1855 0 0 0 0 0
1860 0 0 0 0 0
1865 0 0 0 0 0
1870 0 0 0 0 0
1875 0 0 0 0 0
1880 0 0 0 0 0
1885 0 0 0 0 0
1890 0 0 0 0 0
1895 0 0 0 0 0
1900 0 0 0 0 0
1905 0 0 0 0 0
1910 0 0 0 0 0
1915 0 0 0 0 0
1920 0 0 0 0 0
1925 0 0 0 0 0
1930 0 0 0 0 0
1935 0 0 0 0 0
1940 0 0 0 0 0
1945 0 1 0 0 1
1950 0 1 0 0 1
1955 0 1 0 0 1
1960 0 1 0 0 1
1965 0 1 0 0 1
1970 0 1 0 0 1
1975 0 1 0 0 1
1980 0 1 0 0 1
1985 0 1 0 0 1
1990 0 1 0 0 1
1995 0 1 0 0 1
2000 0 1 0 0 1
2005 0 1 0 0 1
2010 0 1 0 0 1
2015 0 1 0 0 1
2020 0 1 0 0 1
2025 0 1 0 0 1
2030 0 1 0 0 1
2035 0 1 0 0 1
2040 1 0 0 0 3
2045 1 0 0 0 3
2050 1 0 0 0 3
2055 1 0 0 0 3
2060 1 0 0 0 3
2065 1 0 0 0 3
2070 1 0 0 0 3
2075 1 0 0 0 3
2080 1 0 0 0 3
2085 1 0 0 0 3
2090 1 0 0 0 3
2095 1 0 0 0 3
2100 1 0 0 0 4
2105 1 0 0 0 4
2110 1 0 0 0 4
2115 1 0 0 0 4
2120 1 0 0 0 4
2125 1 0 0 0 4
2130 1 0 0 0 4
2135 1 0 0 0 4
2140 1 0 0 0 4
2145 1 0 0 0 4
2150 1 0 0 0 4
2155 1 0 0 0 4
2160 1 0 0 0 4
2165 1 0 0 0 4
2170 1 0 0 0 4
2175 1 0 0 0 4
2180 1 0 0 0 4
2185 1 0 0 0 4
2190 1 0 0 0 4
2195 1 0 0 0 4
2200 1 0 0 0 4
2205 1 0 0 0 4
2210 1 0 0 0 4
2215 1 0 0 0 4
2220 1 0 0 0 4
2225 1 0 0 0 4
2230 0 0 0 0 0
2235 0 0 0 0 0
2240 0 0 0 0 0
2245 0 0 0 0 0
2250 0 0 0 0 0
2255 0 0 0 0 0
2260 0 0 0 0 0
2265 0 0 0 0 0
2270 0 0 0 0 0
2275 0 0 0 0 0
2280 0 0 0 0 0
2285 0 0 0 0 0
2290 0 0 0 0 0
2295 0 0 0 0 0
2300 0 0 0 0 0
