0 0 0 0 0 0
5 0 0 0 0 0
10 0 0 0 0 0
15 0 0 0 0 0
20 0 0 0 0 0
25 0 0 0 0 0
30 0 0 0 0 0
35 0 0 0 0 0
40 0 0 0 0 0
45 0 0 0 0 0
50 0 0 0 0 0
55 0 0 0 0 0
60 0 1 0 0 1
65 0 1 0 0 1
70 0 1 0 0 1
75 1 0 0 0 3
80 1 0 0 0 3
85 1 0 0 0 3
90 1 0 0 0 3
95 1 0 0 0 3
100 1 0 0 0 3
105 1 0 0 0 3
110 1 0 0 0 3
115 1 0 0 0 3
120 1 0 0 0 3
125 1 0 0 0 3
130 1 0 0 0 3
135 1 0 0 0 3
140 1 0 0 0 3
145 1 0 0 0 3
150 1 0 0 0 3
155 1 0 0 0 3
160 1 0 0 0 3
165 1 0 0 0 3
170 1 0 0 0 3
175 1 0 0 0 3
180 1 0 0 0 3
185 1 0 0 0 3
190 1 0 0 0 3
195 1 0 0 0 3
200 1 0 0 0 3
205 1 0 0 0 3
210 1 0 0 0 3
215 1 0 0 0 3
220 1 0 0 0 3
225 1 0 0 0 3
230 1 0 0 0 3
235 1 0 0 0 3
240 1 0 0 0 3
245 1 0 0 0 3
250 1 0 0 0 3
255 1 0 0 0 4
260 1 0 0 0 4
265 1 0 0 0 4
270 0 0 0 0 0
275 0 0 0 0 0
280 0 0 0 0 0
285 0 0 0 0 0
290 0 0 0 0 0
295 0 0 0 0 0
300 0 0 0 0 0
305 0 0 0 0 0
310 0 0 0 0 0
315 0 0 0 0 0
320 0 0 0 0 0
325 0 0 0 0 0
330 0 0 0 0 0
335 0 0 0 0 0
340 0 0 0 0 0
345 0 0 0 0 0
350 0 0 0 0 0
355 0 0 0 0 0
360 0 0 0 0 0
365 0 0 0 0 0
370 0 0 0 0 0
375 0 0 0 0 0
380 0 0 0 0 0
385 0 1 0 0 1
390 0 1 0 0 1
395 0 1 0 0 1
400 0 1 0 0 1
405 0 1 0 0 1
410 0 1 0 0 1
415 0 1 0 0 1
420 0 1 0 0 1
425 0 1 0 0 1
430 0 1 0 0 1
435 0 1 0 0 1
440 0 1 0 0 1
445 0 1 0 0 1
450 0 1 0 0 1
455 0 1 0 0 1
460 0 1 0 0 1
465 1 0 0 1 2
470 1 0 0 1 2
475 1 0 0 1 2
480 1 0 0 1 2
485 1 0 0 1 2
490 1 0 0 1 2
495 1 0 0 1 2
500 1 0 0 1 2
505 1 0 0 1 2
510 1 0 0 1 2
515 1 0 0 1 2
520 1 0 0 1 2
525 1 0 0 1 2
530 1 0 0 1 2
535 1 0 0 1 2
540 1 0 0 1 2
545 1 0 0 1 2
550 1 0 0 1 2
555 1 0 0 1 2
560 1 0 0 1 2
565 1 0 0 1 2
570 1 0 0 0 3
575 1 0 0 0 3
580 1 0 0 0 3
585 1 0 0 0 3
590 1 0 0 0 3
595 1 0 0 0 3
600 1 0 0 0 3
605 1 0 0 0 3
610 1 0 0 0 3
615 1 0 0 0 3
620 1 0 0 0 3
625 1 0 0 0 3
630 1 0 0 0 3
635 1 0 0 0 3
640 1 0 0 0 3
645 1 0 0 0 3
650 1 0 0 0 3
655 1 0 0 0 3
660 1 0 0 0 3
665 1 0 0 0 3
670 1 0 0 0 3
675 1 0 0 0 3
680 1 0 0 0 3
685 1 0 0 0 4
690 1 0 0 0 4
695 1 0 0 0 4
700 1 0 0 0 4
705 1 0 0 0 4
710 1 0 0 0 4
715 1 0 0 0 4
720 1 0 0 0 4
725 1 0 0 0 4
730 1 0 0 0 4
735 0 0 0 0 0
740 0 0 0 0 0
745 0 0 0 0 0
750 0 0 0 0 0
755 0 0 0 0 0
760 0 0 0 0 0
765 0 0 0 0 0
770 0 0 0 0 0
775 0 0 0 0 0
780 0 0 0 0 0
785 0 0 0 0 0
790 0 0 0 0 0
795 0 0 0 0 0
800 0 0 0 0 0
805 0 0 0 0 0
810 0 0 0 0 0
815 0 0 0 0 0
820 0 0 0 0 0
825 0 0 0 0 0
830 0 0 0 0 0
835 0 0 0 0 0
840 0 0 0 0 0
845 0 0 0 0 0
850 0 0 0 0 0
855 0 1 0 0 1
860 0 1 0 0 1
865 0 1 0 0 1
870 0 1 0 0 1
875 0 1 0 0 1
880 0 1 0 0 1
885 0 1 0 0 1
890 0 1 0 0 1
895 0 1 0 0 1
900 1 0 0 0 3
905 1 0 0 0 3
910 1 0 0 0 3
915 1 0 0 0 3
920 1 0 0 0 3
925 1 0 0 0 3
930 1 0 0 0 3
935 1 0 0 0 3
940 1 0 0 0 3
945 1 0 0 0 3
950 1 0 0 0 3
955 1 0 0 0 4
960 1 0 0 0 4
965 1 0 0 0 4
970 1 0 0 0 4
975 1 0 0 0 4
980 1 0 0 0 4
985 1 0 0 0 4
990 1 0 0 0 4
995 1 0 0 0 4
1000 1 0 0 0 4
1005 1 0 0 0 4
1010 1 0 0 0 4
1015 1 0 0 0 4
1020 1 0 0 0 4
1025 1 0 0 0 4
1030 1 0 0 0 4
1035 1 0 0 0 4
1040 1 0 0 0 4
1045 0 0 0 0 0
1050 0 0 0 0 0
1055 0 0 0 0 0
1060 0 1 0 0 1
1065 0 1 0 0 1
1070 0 1 0 0 1
1075 0 1 0 0 1
1080 0 1 0 0 1
1085 0 1 0 0 1
1090 0 1 0 0 1
1095 0 1 0 0 1
1100 0 1 0 0 1
1105 0 1 0 0 1
1110 0 1 0 0 1
1115 1 0 0 1 2
1120 1 0 0 1 2
1125 1 0 0 1 2
1130 1 0 0 1 2
1135 1 0 0 1 2
1140 1 0 0 1 2
1145 1 0 0 1 2
1150 1 0 0 0 3
1155 1 0 0 0 3
1160 1 0 0 0 3
1165 1 0 0 0 3
1170 1 0 0 0 3
1175 1 0 0 0 3
1180 1 0 0 0 4
1185 1 0 0 0 4
1190 1 0 0 0 4
1195 1 0 0 0 4
1200 1 0 0 0 4
1205 1 0 0 0 4
1210 1 0 0 0 4
1215 1 0 0 0 4
1220 1 0 0 0 4
1225 1 0 0 0 4
1230 1 0 0 0 4
1235 1 0 0 0 4
1240 1 0 0 0 4
1245 1 0 0 0 4
1250 1 0 0 0 4
1255 1 0 0 0 4
1260 0 0 0 0 0
1265 0 0 0 0 0
1270 0 0 0 0 0
1275 0 0 0 0 0
1280 0 0 0 0 0
1285 0 0 0 0 0
1290 0 0 0 0 0
1295 0 0 0 0 0
1300 0 0 0 0 0
1305 0 0 0 0 0
1310 0 0 0 0 0
1315 0 0 0 0 0
1320 0 0 0 0 0
1325 0 0 0 0 0
1330 0 0 0 0 0
1335 0 0 0 0 0
1340 0 0 0 0 0
1345 0 0 0 0 0
1350 0 0 0 0 0
1355 0 0 0 0 0
1360 0 0 0 0 0
1365 0 0 0 0 0
1370 0 0 0 0 0
1375 0 0 0 0 0
1380 0 0 0 0 0
1385 0 0 0 0 0
1390 0 0 0 0 0
1395 0 0 0 0 0
1400 0 0 0 0 0
1405 0 0 0 0 0
1410 0 0 0 0 0
1415 1 0 0 0 3
1420 1 0 0 0 3
1425 1 0 0 0 3
1430 1 0 0 0 3
1435 1 0 0 0 3
1440 1 0 0 0 3
1445 1 0 0 0 3
1450 1 0 0 0 3
1455 1 0 0 0 4
1460 1 0 0 0 4
1465 0 0 0 0 0
1470 0 0 0 0 0
1475 0 0 0 0 0
1480 0 0 0 0 0
1485 0 0 0 0 0
1490 0 0 0 0 0
1495 0 0 0 0 0
1500 0 0 0 0 0
1505 0 0 0 0 0
1510 0 0 0 0 0
1515 0 0 0 0 0
1520 0 0 0 0 0
1525 0 0 0 0 0
1530 0 0 0 0 0
1535 0 0 0 0 0
1540 0 0 0 0 0
1545 0 1 0 0 1
1550 0 1 0 0 1
1555 0 1 0 0 1
1560 0 1 0 0 1
1565 0 1 0 0 1
1570 0 1 0 0 1
1575 0 1 0 0 1
1580 0 1 0 0 1
1585 0 1 0 0 1
1590 1 0 0 0 3
1595 1 0 0 0 3
1600 1 0 0 0 3
1605 1 0 0 0 3
1610 1 0 0 0 3
1615 1 0 0 0 3
1620 1 0 0 0 3
1625 1 0 0 0 3
1630 1 0 0 0 3
1635 1 0 0 0 3
1640 1 0 0 0 4
1645 1 0 0 0 4
1650 1 0 0 0 4
1655 1 0 0 0 4
1660 1 0 0 0 4
1665 1 0 0 0 4
1670 1 0 0 0 4
1675 1 0 0 0 4
1680 1 0 0 0 4
1685 0 0 0 0 0
1690 0 0 0 0 0
1695 0 0 0 0 0
1700 0 1 0 0 1
1705 0 1 0 0 1
1710 0 1 0 0 1
1715 0 1 0 0 1
1720 0 1 0 0 1
1725 0 1 0 0 1
1730 0 1 0 0 1
1735 0 1 0 0 1
1740 0 1 0 0 1
1745 0 1 0 0 1
1750 0 1 0 0 1
1755 0 1 0 0 1
1760 0 1 0 0 1
1765 0 1 0 0 1
1770 0 1 0 0 1
1775 1 0 0 0 3
1780 1 0 0 0 3
1785 1 0 0 0 3
1790 1 0 0 0 3
1795 1 0 0 0 3
1800 1 0 0 0 3
1805 1 0 0 0 3
1810 1 0 0 0 3
1815 1 0 0 0 3
1820 1 0 0 0 4
1825 1 0 0 0 4
1830 1 0 0 0 4
1835 1 0 0 0 4
1840 1 0 0 0 4
1845 1 0 0 0 4
1850 0 0 0 0 0
1855 0 0 0 0 0
1860 0 0 0 0 0
1865 0 0 0 0 0
1870 0 0 0 0 0
1875 0 1 0 0 1
1880 0 1 0 0 1
1885 0 1 0 0 1
1890 0 1 0 0 1
1895 0 1 0 0 1
1900 0 1 0 0 1
1905 0 1 0 0 1
1910 0 1 0 0 1
1915 0 1 0 0 1
1920 0 1 0 0 1
1925 0 1 0 0 1
1930 0 1 0 0 1
1935 0 1 0 0 1
1940 0 1 0 0 1
1945 0 1 0 0 1
1950 0 1 0 0 1
1955 0 1 0 0 1
1960 0 1 0 0 1
1965 0 1 0 0 1
1970 0 1 0 0 1
1975 0 1 0 0 1
1980 0 1 0 0 1
1985 0 1 0 0 1
1990 0 1 0 0 1
1995 0 1 0 0 1
2000 0 1 0 0 1
2005 0 1 0 0 1
2010 0 1 0 0 1
2015 0 1 0 0 1
2020 0 1 0 0 1
2025 0 1 0 0 1
2030 0 1 0 0 1
2035 0 1 0 0 1
2040 0 1 0 0 1
2045 0 1 0 0 1
2050 0 1 0 0 1
2055 0 1 0 0 1
2060 0 1 0 0 1
2065 0 1 0 0 1
2070 0 1 0 0 1
2075 0 1 0 0 1
2080 0 0 0 0 1
2085 0 0 0 0 1
2090 0 0 0 0 1
2095 0 0 0 0 1
2100 0 0 0 0 1
2105 0 0 0 0 1
2110 0 0 0 0 1
2115 0 0 0 0 1
2120 0 0 0 0 1
2125 0 0 0 0 1
2130 0 0 0 0 1
2135 0 0 0 0 1
2140 0 0 0 0 1
2145 0 0 0 0 1
2150 0 0 0 0 1
2155 0 0 0 0 1
2160 0 0 0 0 0
2165 0 0 0 0 0
2170 0 0 0 0 0
2175 0 0 0 0 0
2180 0 0 0 0 0
