0 0 0 0 0 0
5 0 0 0 0 0
10 0 0 0 0 0
15 0 0 0 0 0
20 0 0 0 0 0
25 0 0 0 0 0
30 0 0 0 0 0
35 0 0 0 0 0
40 0 0 0 0 0
45 0 0 0 0 0
50 0 0 0 0 0
55 0 0 0 0 0
60 0 0 0 0 0
65 0 0 0 0 0
70 0 0 0 0 0
75 0 0 0 0 0
80 0 0 0 0 0
85 0 0 0 0 0
90 0 0 0 0 0
95 0 0 0 0 0
100 0 0 0 0 0
105 0 0 0 0 0
110 0 0 0 0 0
115 0 0 0 0 0
120 0 0 0 0 0
125 0 1 0 0 1
130 0 1 0 0 1
135 0 1 0 0 1
140 0 1 0 0 1
145 0 1 0 0 1
150 0 1 0 0 1
155 0 1 0 0 1
160 0 1 0 0 1
165 0 1 0 0 1
170 0 1 0 0 1
175 0 1 0 0 1
180 0 1 0 0 1
185 0 1 0 0 1
190 0 1 0 0 1
195 0 1 0 0 1
200 0 1 0 0 1
205 0 1 0 0 1
210 0 1 0 0 1
215 1 0 0 0 3
220 1 0 0 0 3
225 1 0 0 0 3
230 1 0 0 0 3
235 1 0 0 0 4
240 1 0 0 0 4
245 1 0 0 0 4
250 1 0 0 0 4
255 1 0 0 0 4
260 1 0 0 0 4
265 1 0 0 0 4
270 1 0 0 0 4
275 1 0 0 0 4
280 1 0 0 0 4
285 1 0 0 0 4
290 1 0 0 0 4
295 1 0 0 0 4
300 1 0 0 0 4
305 1 0 0 0 4
310 1 0 0 0 4
315 1 0 0 0 4
320 1 0 0 0 4
325 0 0 0 0 0
330 0 0 0 0 0
335 0 0 0 0 0
340 0 0 0 0 0
345 0 0 0 0 0
350 0 0 0 0 0
355 0 0 0 0 0
360 0 0 0 0 0
365 0 0 0 0 0
370 0 0 0 0 0
375 0 0 0 0 0
380 0 0 0 0 0
385 0 0 0 0 0
390 0 0 0 0 0
395 0 0 0 0 0
400 0 0 0 0 0
405 0 0 0 0 0
410 0 0 0 0 0
415 0 0 0 0 0
420 0 0 0 0 0
425 0 1 0 0 1
430 0 1 0 0 1
435 0 1 0 0 1
440 0 1 0 0 1
445 0 1 0 0 1
450 0 1 0 0 1
455 0 1 0 0 1
460 0 1 0 0 1
465 0 1 0 0 1
470 0 1 0 0 1
475 0 1 0 0 1
480 0 1 0 0 1
485 0 1 0 0 1
490 0 1 0 0 1
495 0 1 0 0 1
500 0 1 0 0 1
505 0 1 0 0 1
510 0 1 0 0 1
515 0 1 0 0 1
520 0 1 0 0 1
525 0 1 0 0 1
530 0 1 0 0 1
535 0 1 0 0 1
540 0 1 0 0 1
545 0 1 0 0 1
550 0 1 0 0 1
555 0 1 0 0 1
560 1 0 0 0 3
565 1 0 0 0 3
570 1 0 0 0 3
575 1 0 0 0 3
580 1 0 0 0 3
585 1 0 0 0 3
590 1 0 0 0 4
595 1 0 0 0 4
600 1 0 0 0 4
605 1 0 0 0 4
610 1 0 0 0 4
615 1 0 0 0 4
620 1 0 0 0 4
625 1 0 0 0 4
630 1 0 0 0 4
635 1 0 0 0 4
640 1 0 0 0 4
645 1 0 0 0 4
650 1 0 0 0 4
655 1 0 0 0 4
660 1 0 0 0 4
665 1 0 0 0 4
670 1 0 0 0 4
675 1 0 0 0 4
680 1 0 0 0 4
685 1 0 0 0 4
690 1 0 0 0 4
695 1 0 0 0 4
700 0 0 0 0 0
705 0 0 0 0 0
710 0 0 0 0 0
715 0 0 0 0 0
720 0 0 0 0 0
725 0 0 0 0 0
730 0 0 0 0 0
735 0 0 0 0 0
740 0 0 0 0 0
745 0 0 0 0 0
750 0 0 0 0 0
755 0 0 0 0 0
760 0 0 0 0 0
765 0 0 0 0 0
770 0 0 0 0 0
775 0 0 0 0 0
780 0 0 0 0 0
785 0 0 0 0 0
790 0 0 0 0 0
795 0 0 0 0 0
800 0 0 0 0 0
805 0 0 0 0 0
810 0 0 0 0 0
815 0 0 0 0 0
820 0 0 0 0 0
825 0 0 0 0 0
830 0 0 0 0 0
835 0 0 0 0 0
840 0 0 0 0 0
845 0 0 0 0 0
850 0 0 0 0 0
855 0 1 0 0 1
860 0 1 0 0 1
865 0 1 0 0 1
870 0 1 0 0 1
875 0 1 0 0 1
880 0 1 0 0 1
885 0 1 0 0 1
890 0 1 0 0 1
895 0 1 0 0 1
900 0 1 0 0 1
905 0 1 0 0 1
910 0 1 0 0 1
915 0 1 0 0 1
920 0 1 0 0 1
925 0 1 0 0 1
930 0 1 0 0 1
935 0 1 0 0 1
940 0 1 0 0 1
945 0 1 0 0 3
950 1 0 0 0 4
955 1 0 0 0 4
960 1 0 0 0 4
965 1 0 0 0 4
970 1 0 0 0 4
975 1 0 0 0 4
980 1 0 0 0 4
985 1 0 0 0 4
990 1 0 0 0 4
995 1 0 0 0 4
1000 1 0 0 0 4
1005 1 0 0 0 4
1010 1 0 0 0 4
1015 1 0 0 0 4
1020 1 0 0 0 4
1025 1 0 0 0 4
1030 1 0 0 0 4
1035 1 0 0 0 4
1040 1 0 0 0 4
1045 1 0 0 0 4
1050 0 0 0 0 0
1055 0 0 0 0 0
1060 0 0 0 0 0
1065 0 0 0 0 0
1070 0 0 0 0 0
1075 0 0 0 0 0
1080 0 0 0 0 0
1085 0 0 0 0 0
1090 0 0 0 0 0
1095 0 0 0 0 0
1100 0 0 0 0 0
1105 0 0 0 0 0
1110 1 0 0 0 1
1115 1 0 0 0 1
1120 1 0 0 0 1
1125 1 0 0 0 1
1130 1 0 0 0 1
1135 1 0 0 0 1
1140 1 0 0 0 3
1145 1 0 0 0 3
1150 1 0 0 0 4
1155 1 0 0 0 4
1160 1 0 0 0 4
1165 1 0 0 0 4
1170 1 0 0 0 4
1175 1 0 0 0 4
1180 1 0 0 0 4
1185 1 0 0 0 4
1190 1 0 0 0 4
1195 1 0 0 0 4
1200 1 0 0 0 4
1205 1 0 0 0 4
1210 1 0 0 0 4
1215 1 0 0 0 4
1220 1 0 0 0 4
1225 1 0 0 0 4
1230 1 0 0 0 4
1235 1 0 0 0 4
1240 1 0 0 0 4
1245 0 0 0 0 0
1250 0 0 0 0 0
1255 0 0 0 0 0
1260 0 0 0 0 0
1265 0 0 0 0 0
1270 0 0 0 0 0
1275 0 0 0 0 0
1280 0 0 0 0 0
1285 0 0 0 0 0
1290 0 0 0 0 0
1295 0 0 0 0 0
1300 0 0 0 0 0
1305 0 0 0 0 0
1310 0 0 0 0 0
1315 0 0 0 0 0
1320 0 0 0 0 0
1325 0 0 0 0 0
1330 0 1 0 0 1
1335 0 1 0 0 1
1340 0 1 0 0 1
1345 0 1 0 0 1
1350 0 1 0 0 1
1355 0 1 0 0 1
1360 1 0 0 0 3
1365 1 0 0 0 3
1370 1 0 0 0 3
1375 1 0 0 0 3
1380 1 0 0 0 3
1385 1 0 0 0 3
1390 1 0 0 0 3
1395 1 0 0 0 3
1400 1 0 0 0 3
1405 1 0 0 0 3
1410 1 0 0 0 3
1415 1 0 0 0 3
1420 1 0 0 0 3
1425 1 0 0 0 3
1430 1 0 0 0 3
1435 1 0 0 0 3
1440 1 0 0 0 4
1445 1 0 0 0 4
1450 1 0 0 0 4
1455 1 0 0 0 4
1460 1 0 0 0 4
1465 1 0 0 0 4
1470 1 0 0 0 4
1475 1 0 0 0 4
1480 1 0 0 0 4
1485 1 0 0 0 4
1490 1 0 0 0 4
1495 0 0 0 0 0
1500 0 0 0 0 0
1505 0 0 0 0 0
1510 0 0 0 0 0
1515 0 0 0 0 0
1520 0 0 0 0 0
1525 0 0 0 0 0
1530 0 0 0 0 0
1535 0 0 0 0 0
1540 0 0 0 0 0
1545 0 0 0 0 0
1550 0 1 0 0 1
1555 0 1 0 0 1
1560 0 1 0 0 1
1565 0 1 0 0 1
1570 0 1 0 0 1
1575 0 1 0 0 1
1580 0 1 0 0 1
1585 1 0 0 0 3
1590 1 0 0 0 3
1595 1 0 0 0 3
1600 1 0 0 0 4
1605 1 0 0 0 4
1610 1 0 0 0 4
1615 1 0 0 0 4
1620 1 0 0 0 4
1625 1 0 0 0 4
1630 1 0 0 0 4
1635 1 0 0 0 4
1640 1 0 0 0 4
1645 1 0 0 0 4
1650 1 0 0 0 4
1655 1 0 0 0 4
1660 1 0 0 0 4
1665 0 0 0 0 0
1670 0 0 0 0 0
1675 0 0 0 0 0
1680 0 0 0 0 0
1685 0 0 0 0 0
1690 0 0 0 0 0
1695 0 0 0 0 0
1700 0 0 0 0 0
1705 0 0 0 0 0
1710 0 0 0 0 0
1715 0 0 0 0 0
1720 0 0 0 0 0
1725 0 0 0 0 0
1730 0 0 0 0 0
1735 0 0 0 0 0
1740 0 0 0 0 0
1745 0 0 0 0 0
1750 0 0 0 0 0
1755 0 0 0 0 0
1760 0 0 0 0 0
1765 0 0 0 0 0
1770 0 0 0 0 0
1775 0 0 0 0 0
1780 0 0 0 0 0
1785 0 0 0 0 0
1790 0 0 0 0 0
1795 0 0 0 0 0
1800 0 0 0 0 0
1805 0 0 0 0 0
1810 0 0 0 0 0
1815 0 0 0 0 0
1820 0 0 0 0 0
1825 0 0 0 0 0
1830 0 0 0 0 0
1835 0 0 0 0 0
1840 0 0 0 0 0
1845 0 0 0 0 0
1850 0 0 0 0 0
1855 0 0 0 0 0
1860 0 0 0 0 0
1865 0 0 0 0 0
1870 0 0 0 0 0
1875 0 0 0 0 0
1880 0 0 0 0 0
1885 0 0 0 0 0
1890 0 0 0 0 0
1895 0 0 0 0 0
1900 0 0 0 0 0
1905 0 0 0 0 0
1910 0 0 0 0 0
1915 0 0 0 0 0
1920 0 0 0 0 1
1925 0 0 0 0 1
1930 0 0 0 0 1
1935 0 0 0 0 1
1940 0 0 0 0 1
1945 1 0 0 0 3
1950 1 0 0 0 3
1955 1 0 0 0 3
1960 1 0 0 0 3
1965 1 0 0 0 3
1970 1 0 0 0 3
1975 1 0 0 0 3
1980 1 0 0 0 3
1985 1 0 0 0 3
1990 1 0 0 0 3
1995 1 0 0 0 3
2000 1 0 0 0 3
2005 1 0 0 0 3
2010 1 0 0 0 3
2015 1 0 0 0 3
2020 1 0 0 0 3
2025 1 0 0 0 3
2030 1 0 0 0 3
2035 1 0 0 0 3
2040 1 0 0 0 3
2045 1 0 0 0 3
2050 1 0 0 0 4
2055 1 0 0 0 4
2060 1 0 0 0 4
2065 1 0 0 0 4
2070 1 0 0 0 4
2075 1 0 0 0 4
2080 1 0 0 0 4
2085 1 0 0 0 4
2090 1 0 0 0 4
2095 0 0 0 0 0
2100 0 0 0 0 0
2105 0 0 0 0 0
2110 0 0 0 0 0
2115 0 0 0 0 0
2120 0 0 0 0 0
2125 0 0 0 0 0
2130 0 0 0 0 0
2135 0 0 0 0 0
2140 0 0 0 0 0
2145 0 0 0 0 0
2150 0 0 0 0 0
