0 0 0 0 0 0
5 0 0 0 0 0
10 0 0 0 0 0
15 0 0 0 0 0
20 0 0 0 0 0
25 0 0 0 0 0
30 0 0 0 0 0
35 0 0 0 0 0
40 0 0 0 0 0
45 0 0 0 0 0
50 0 0 0 0 0
55 0 0 0 0 0
60 0 0 0 0 0
65 0 0 0 0 0
70 0 0 0 0 0
75 0 0 0 0 0
80 0 0 0 0 0
85 0 0 0 0 0
90 0 0 0 0 0
95 0 0 0 0 0
100 0 0 0 0 0
105 0 0 0 0 0
110 0 0 0 0 0
115 0 0 0 0 0
120 0 0 0 0 0
125 0 0 0 0 0
130 0 0 0 0 0
135 0 0 0 0 0
140 0 0 0 0 0
145 0 1 0 0 1
150 0 1 0 0 1
155 0 1 0 0 1
160 0 1 0 0 1
165 0 1 0 0 1
170 0 1 0 0 1
175 0 1 0 0 1
180 0 1 0 0 1
185 0 1 0 0 1
190 0 1 0 0 1
195 0 1 0 0 1
200 0 1 0 0 1
205 0 1 0 0 1
210 1 0 0 1 2
215 1 0 0 1 2
220 1 0 0 1 2
225 1 0 0 1 2
230 1 0 0 1 2
235 1 0 0 1 2
240 1 0 0 1 2
245 1 0 0 1 2
250 1 0 0 1 2
255 1 0 0 1 2
260 1 0 0 1 2
265 1 0 0 1 2
270 1 0 0 1 2
275 1 0 0 1 2
280 1 0 0 1 2
285 1 0 0 1 2
290 1 0 0 1 2
295 1 0 0 1 2
300 1 0 0 1 2
305 1 0 0 1 2
310 1 0 0 0 3
315 1 0 0 0 3
320 1 0 0 0 3
325 1 0 0 0 3
330 1 0 0 0 3
335 1 0 0 0 3
340 1 0 0 0 3
345 1 0 0 0 3
350 1 0 0 0 3
355 1 0 0 0 3
360 1 0 0 0 3
365 1 0 0 0 3
370 1 0 0 0 4
375 1 0 0 0 4
380 1 0 0 0 4
385 1 0 0 0 4
390 1 0 0 0 4
395 1 0 0 0 4
400 1 0 0 0 4
405 0 0 0 0 0
410 0 0 0 0 0
415 0 0 0 0 0
420 0 0 0 0 0
425 0 0 0 0 0
430 0 0 0 0 0
435 0 0 0 0 0
440 0 1 0 0 1
445 0 1 0 0 1
450 0 1 0 0 1
455 0 1 0 0 1
460 0 1 0 0 1
465 0 1 0 0 1
470 0 1 0 0 1
475 0 1 0 0 1
480 0 1 0 0 1
485 0 1 0 0 1
490 0 1 0 0 1
495 1 0 0 0 2
500 1 0 0 0 2
505 1 0 0 0 2
510 1 0 0 0 2
515 1 0 0 0 2
520 1 0 0 0 2
525 1 0 0 0 2
530 1 0 0 0 2
535 1 0 0 1 2
540 1 0 0 1 2
545 1 0 0 1 2
550 1 0 0 1 2
555 1 0 0 1 2
560 1 0 0 1 2
565 1 0 0 1 2
570 1 0 0 1 2
575 1 0 0 1 2
580 1 0 0 1 2
585 1 0 0 1 2
590 1 0 0 1 2
595 1 0 0 1 2
600 1 0 0 1 2
605 1 0 0 1 2
610 1 0 0 1 2
615 1 0 0 1 2
620 1 0 0 1 2
625 1 0 0 1 2
630 1 0 0 1 2
635 1 0 0 1 2
640 1 0 0 1 2
645 1 0 0 1 2
650 1 0 0 1 2
655 1 0 0 1 2
660 1 0 0 1 2
665 1 0 0 1 2
670 1 0 0 1 2
675 1 0 0 1 2
680 1 0 0 1 2
685 1 0 0 1 2
690 1 0 0 1 2
695 1 0 0 1 2
700 1 0 0 1 2
705 1 0 0 1 2
710 1 0 0 1 2
715 1 0 0 1 2
720 1 0 0 1 2
725 1 0 0 1 2
730 1 0 0 1 2
735 1 0 0 1 2
740 1 0 0 1 2
745 1 0 0 1 2
750 1 0 0 0 3
755 1 0 0 0 3
760 1 0 0 0 3
765 1 0 0 0 3
770 1 0 0 0 3
775 1 0 0 0 4
780 1 0 0 0 4
785 1 0 0 0 4
790 1 0 0 0 4
795 1 0 0 0 4
800 1 0 0 0 4
805 1 0 0 0 4
810 1 0 0 0 4
815 1 0 0 0 4
820 1 0 0 0 4
825 1 0 0 0 4
830 1 0 0 0 4
835 1 0 0 0 4
840 1 0 0 0 4
845 1 0 0 0 4
850 1 0 0 0 4
855 0 0 0 0 0
860 0 0 0 0 0
865 0 0 0 0 0
870 0 0 0 0 0
875 0 0 0 0 0
880 0 0 0 0 0
885 0 0 0 0 0
890 0 0 0 0 0
895 0 0 0 0 0
900 0 0 0 0 0
905 0 0 0 0 0
910 0 0 0 0 0
915 0 0 0 0 0
920 0 0 0 0 0
925 0 0 0 0 0
930 0 0 0 0 0
935 0 0 0 0 0
940 0 0 0 0 0
945 0 0 0 0 0
950 0 0 0 0 0
955 0 0 0 0 0
960 0 0 0 0 0
965 0 0 0 0 0
970 0 0 0 0 0
975 0 0 0 0 0
980 0 0 0 0 0
985 0 0 0 0 0
990 0 0 0 0 0
995 0 0 0 0 0
1000 0 0 0 0 0
1005 0 0 0 0 0
1010 0 0 0 0 0
1015 0 0 0 0 0
1020 0 0 0 0 0
1025 0 1 0 0 1
1030 0 1 0 0 1
1035 1 0 0 1 2
1040 1 0 0 1 2
1045 1 0 0 1 2
1050 1 0 0 1 2
1055 1 0 0 1 2
1060 1 0 0 1 2
1065 1 0 0 1 2
1070 1 0 0 1 2
1075 1 0 0 1 2
1080 1 0 0 1 2
1085 1 0 0 1 2
1090 1 0 0 1 2
1095 1 0 0 1 2
1100 1 0 0 1 2
1105 1 0 0 1 2
1110 1 0 0 1 2
1115 1 0 0 1 2
1120 1 0 0 1 2
1125 1 0 0 1 2
1130 1 0 0 1 2
1135 1 0 0 1 2
1140 1 0 0 1 2
1145 1 0 0 1 2
1150 1 0 0 0 3
1155 1 0 0 0 3
1160 1 0 0 0 3
1165 1 0 0 0 3
1170 1 0 0 0 3
1175 1 0 0 0 3
1180 1 0 0 0 3
1185 1 0 0 0 3
1190 1 0 0 0 3
1195 1 0 0 0 3
1200 1 0 0 0 3
1205 1 0 0 0 4
1210 1 0 0 0 4
1215 1 0 0 0 4
1220 1 0 0 0 4
1225 1 0 0 0 4
1230 1 0 0 0 4
1235 1 0 0 0 4
1240 1 0 0 0 4
1245 1 0 0 0 4
1250 1 0 0 0 4
1255 1 0 0 0 4
1260 0 0 0 0 0
1265 0 0 0 0 0
1270 0 0 0 0 0
1275 0 0 0 0 0
1280 0 0 0 0 0
1285 0 0 0 0 0
1290 0 0 0 0 0
1295 0 0 0 0 0
1300 0 1 0 0 1
1305 0 1 0 0 1
1310 0 1 0 0 1
1315 0 1 0 0 1
1320 0 1 0 0 1
1325 0 1 0 0 1
1330 0 1 0 0 1
1335 0 1 0 0 1
1340 0 1 0 0 1
1345 1 0 0 0 2
1350 1 0 0 0 2
1355 1 0 0 0 2
1360 1 0 0 0 2
1365 1 0 0 0 2
1370 1 0 0 1 2
1375 1 0 0 1 2
1380 1 0 0 1 2
1385 1 0 0 1 2
1390 1 0 0 1 2
1395 1 0 0 1 2
1400 1 0 0 1 2
1405 1 0 0 1 2
1410 1 0 0 1 2
1415 1 0 0 1 2
1420 1 0 0 1 2
1425 1 0 0 1 2
1430 1 0 0 1 2
1435 1 0 0 1 2
1440 1 0 0 1 2
1445 1 0 0 1 2
1450 1 0 0 1 2
1455 1 0 0 1 2
1460 1 0 0 1 2
1465 1 0 0 1 2
1470 1 0 0 1 2
1475 1 0 0 1 2
1480 1 0 0 0 3
1485 1 0 0 0 3
1490 1 0 0 0 3
1495 1 0 0 0 3
1500 1 0 0 0 3
1505 1 0 0 0 3
1510 1 0 0 0 3
1515 1 0 0 0 3
1520 0 0 0 0 0
1525 0 0 0 0 0
1530 0 0 0 0 0
1535 0 0 0 0 0
1540 0 0 0 0 0
1545 0 0 0 0 0
1550 0 0 0 0 0
1555 0 0 0 0 0
1560 0 0 0 0 0
1565 0 1 0 0 1
1570 0 1 0 0 1
1575 0 1 0 0 1
1580 0 1 0 0 1
1585 0 1 0 0 1
1590 0 1 0 0 1
1595 1 0 0 0 2
1600 1 0 0 0 2
1605 1 0 0 0 2
1610 1 0 0 0 2
1615 1 0 0 1 2
1620 1 0 0 1 2
1625 1 0 0 1 2
1630 1 0 0 1 2
1635 1 0 0 1 2
1640 1 0 0 1 2
1645 1 0 0 1 2
1650 1 0 0 1 2
1655 1 0 0 1 2
1660 1 0 0 1 2
1665 1 0 0 1 2
1670 1 0 0 1 2
1675 1 0 0 1 2
1680 1 0 0 1 2
1685 1 0 0 1 2
1690 1 0 0 1 2
1695 1 0 0 1 2
1700 1 0 0 1 2
1705 1 0 0 1 2
1710 1 0 0 1 2
1715 1 0 0 1 2
1720 1 0 0 1 2
1725 1 0 0 1 2
1730 1 0 0 1 2
1735 1 0 0 1 2
1740 1 0 0 1 2
1745 1 0 0 1 2
1750 1 0 0 0 3
1755 1 0 0 0 3
1760 1 0 0 0 3
1765 1 0 0 0 3
1770 1 0 0 0 3
1775 1 0 0 0 3
1780 1 0 0 0 3
1785 1 0 0 0 3
1790 1 0 0 0 3
1795 1 0 0 0 3
1800 1 0 0 0 4
1805 1 0 0 0 4
1810 1 0 0 0 4
1815 1 0 0 0 4
1820 1 0 0 0 4
1825 1 0 0 0 4
1830 0 0 0 0 0
1835 0 0 0 0 0
1840 0 0 0 0 0
1845 0 0 0 0 0
1850 0 0 0 0 0
1855 1 0 0 0 1
1860 1 0 0 0 1
1865 1 0 0 0 1
1870 1 0 0 0 1
1875 1 0 0 0 1
1880 1 0 0 0 1
1885 1 0 0 0 1
1890 1 0 0 0 1
1895 1 0 0 0 1
1900 1 0 0 0 1
1905 1 0 0 0 3
1910 1 0 0 0 3
1915 1 0 0 0 3
1920 1 0 0 0 3
1925 1 0 0 0 3
1930 1 0 0 0 3
1935 1 0 0 0 3
1940 1 0 0 0 4
1945 1 0 0 0 4
1950 1 0 0 0 4
1955 1 0 0 0 4
1960 0 0 0 0 0
1965 0 0 0 0 0
1970 0 0 0 0 0
1975 0 0 0 0 0
1980 0 0 0 0 0
1985 0 0 0 0 0
1990 0 0 0 0 0
1995 0 0 0 0 0
2000 0 0 0 0 0
2005 0 0 0 0 0
2010 0 0 0 0 0
2015 0 0 0 0 0
2020 0 0 0 0 0
2025 0 0 0 0 0
2030 0 0 0 0 0
2035 0 0 0 0 0
2040 0 0 0 0 0
2045 0 0 0 0 0
2050 0 0 0 0 1
2055 0 0 0 0 1
2060 0 0 0 0 1
2065 0 0 0 0 1
2070 0 0 0 0 1
2075 0 0 0 0 1
2080 0 0 0 0 1
2085 0 0 0 0 1
2090 0 0 0 0 1
2095 0 0 0 0 0
2100 0 0 0 0 0
2105 0 0 0 0 0
2110 0 0 0 0 0
2115 0 0 0 0 0
2120 0 0 0 0 0
2125 0 0 0 0 0
2130 0 0 0 0 0
2135 0 0 0 0 0
2140 0 0 0 0 0
2145 0 0 0 0 0
2150 0 0 0 0 0
2155 0 0 0 0 0
2160 0 0 0 0 0
2165 0 0 0 0 1
2170 0 0 0 0 1
2175 0 0 0 0 1
2180 0 0 0 0 1
2185 0 0 0 0 1
2190 0 0 0 0 1
2195 0 0 0 0 1
2200 0 0 0 0 1
2205 0 0 0 0 1
2210 0 0 0 0 1
2215 0 0 0 0 1
2220 0 1 0 0 1
2225 0 1 0 0 1
2230 1 0 0 0 3
2235 1 0 0 0 3
2240 1 0 0 0 3
2245 1 0 0 0 3
2250 1 0 0 0 4
2255 1 0 0 0 4
2260 1 0 0 0 4
2265 1 0 0 0 4
2270 1 0 0 0 4
2275 1 0 0 0 4
2280 1 0 0 0 4
2285 0 0 0 0 0
2290 0 0 0 0 0
2295 0 0 0 0 0
2300 0 0 0 0 0
2305 0 0 0 0 0
2310 0 0 0 0 0
2315 0 0 0 0 0
2320 0 0 0 0 0
2325 0 0 0 0 0
