0 0 0 0 0 0
5 0 0 0 0 0
10 0 0 0 0 0
15 0 0 0 0 0
20 0 0 0 0 0
25 0 0 0 0 0
30 0 0 0 0 0
35 0 0 0 0 0
40 0 0 0 0 0
45 0 0 0 0 0
50 0 0 0 0 0
55 0 0 0 0 0
60 0 0 0 1 1
65 0 0 0 1 1
70 0 0 0 1 1
75 0 0 0 1 1
80 0 0 0 1 1
85 0 0 0 1 1
90 0 0 1 0 3
95 0 0 1 0 3
100 0 0 1 0 3
105 0 0 1 0 3
110 0 0 1 0 3
115 0 0 1 0 3
120 0 0 1 0 3
125 0 0 1 0 3
130 0 0 1 0 3
135 0 0 1 0 3
140 0 0 1 0 3
145 0 0 1 0 3
150 0 0 1 0 4
155 0 0 1 0 4
160 0 0 1 0 4
165 0 0 1 0 4
170 0 0 1 0 4
175 0 0 1 0 4
180 0 0 1 0 4
185 0 0 1 0 4
190 0 0 1 0 4
195 0 0 1 0 4
200 0 0 1 0 4
205 0 0 1 0 4
210 0 0 1 0 4
215 0 0 1 0 4
220 0 0 1 0 4
225 0 0 1 0 4
230 0 0 1 0 4
235 0 0 1 0 4
240 0 0 1 0 4
245 0 0 1 0 4
250 0 0 1 0 4
255 0 0 1 0 4
260 0 0 1 0 4
265 0 0 1 0 4
270 0 0 1 0 4
275 0 0 1 0 4
280 0 0 1 0 4
285 0 0 1 0 4
290 0 0 1 0 4
295 0 0 1 0 4
300 0 0 1 0 4
305 0 0 1 0 4
310 0 0 1 0 4
315 0 0 1 0 4
320 0 0 1 0 4
325 0 0 1 0 4
330 0 0 1 0 4
335 0 0 1 0 4
340 0 0 1 0 4
345 0 0 1 0 4
350 0 0 0 0 0
355 0 0 0 0 0
360 0 0 0 0 0
365 0 0 0 0 0
370 0 0 0 0 0
375 0 0 0 0 0
380 0 0 0 0 0
385 0 0 0 0 0
390 0 0 0 0 0
395 0 0 0 1 1
400 0 0 0 1 1
405 0 0 0 1 1
410 0 0 0 1 1
415 0 0 0 1 1
420 0 0 0 1 1
425 0 1 1 0 2
430 0 1 1 0 2
435 0 1 1 0 2
440 0 1 1 0 2
445 0 1 1 0 2
450 0 1 1 0 2
455 0 1 1 0 2
460 0 1 1 0 2
465 0 1 1 0 2
470 0 1 1 0 2
475 0 1 1 0 2
480 0 1 1 0 2
485 0 1 1 0 2
490 0 1 1 0 2
495 0 1 1 0 2
500 0 1 1 0 2
505 0 1 1 0 2
510 0 1 1 0 2
515 0 1 1 0 2
520 0 1 1 0 2
525 0 1 1 0 2
530 0 1 1 0 2
535 0 1 1 0 2
540 0 1 1 0 2
545 0 1 1 0 2
550 0 1 1 0 2
555 0 1 1 0 2
560 0 1 1 0 2
565 0 1 1 0 2
570 0 1 1 0 2
575 0 1 1 0 2
580 0 1 1 0 2
585 0 1 1 0 2
590 0 1 1 0 2
595 0 1 1 0 2
600 0 1 1 0 2
605 0 1 1 0 2
610 0 0 1 0 3
615 0 0 1 0 3
620 0 0 1 0 3
625 0 0 1 0 3
630 0 0 1 0 3
635 0 0 1 0 3
640 0 0 1 0 3
645 0 0 1 0 3
650 0 0 1 0 4
655 0 0 1 0 4
660 0 0 1 0 4
665 0 0 1 0 4
670 0 0 1 0 4
675 0 0 1 0 4
680 0 0 1 0 4
685 0 0 1 0 4
690 0 0 1 0 4
695 0 0 1 0 4
700 0 0 1 0 4
705 0 0 0 0 0
710 0 0 0 0 0
715 0 0 0 0 0
720 0 0 0 0 0
725 0 0 0 0 0
730 0 0 0 0 0
735 0 0 0 0 0
740 0 0 1 0 1
745 0 0 1 0 1
750 0 0 1 0 1
755 0 0 1 0 1
760 0 0 1 0 1
765 0 0 1 0 1
770 0 0 1 0 1
775 0 0 1 0 3
780 0 0 1 0 3
785 0 0 1 0 3
790 0 0 1 0 3
795 0 0 1 0 3
800 0 0 1 0 3
805 0 0 1 0 3
810 0 0 1 0 3
815 0 0 1 0 3
820 0 0 1 0 3
825 0 0 1 0 4
830 0 0 1 0 4
835 0 0 1 0 4
840 0 0 1 0 4
845 0 0 1 0 4
850 0 0 1 0 4
855 0 0 1 0 4
860 0 0 1 0 4
865 0 0 1 0 4
870 0 0 1 0 4
875 0 0 1 0 4
880 0 0 1 0 4
885 0 0 1 0 4
890 0 0 1 0 4
895 0 0 1 0 4
900 0 0 0 0 0
905 0 0 0 0 0
910 0 0 0 0 0
915 0 0 0 1 1
920 0 0 0 1 1
925 0 0 0 1 1
930 0 0 0 1 1
935 0 0 0 1 1
940 0 0 0 1 1
945 0 0 0 1 1
950 0 0 1 0 1
955 0 0 1 0 1
960 0 0 1 0 1
965 0 0 1 0 1
970 0 0 1 0 1
975 0 0 1 0 1
980 0 0 1 0 1
985 0 0 1 0 3
990 0 0 1 0 3
995 0 0 1 0 3
1000 0 0 1 0 3
1005 0 0 1 0 4
1010 0 0 1 0 4
1015 0 0 1 0 4
1020 0 0 1 0 4
1025 0 0 1 0 4
1030 0 0 1 0 4
1035 0 0 1 0 4
1040 0 0 0 0 0
1045 0 0 0 0 0
1050 0 0 0 0 0
1055 0 0 0 0 0
1060 0 0 0 0 0
1065 0 0 1 0 1
1070 0 0 1 0 1
1075 0 0 1 0 1
1080 0 0 1 0 1
1085 0 0 1 0 1
1090 0 0 1 0 1
1095 0 0 1 0 1
1100 0 0 1 0 1
1105 0 0 1 0 1
1110 0 0 1 0 1
1115 0 0 1 0 1
1120 0 0 1 0 1
1125 0 0 1 0 1
1130 0 0 1 0 1
1135 0 0 1 0 3
1140 0 0 1 0 3
1145 0 0 1 0 3
1150 0 0 1 0 3
1155 0 0 1 0 3
1160 0 0 1 0 3
1165 0 0 1 0 3
1170 0 0 1 0 3
1175 0 0 1 0 4
1180 0 0 1 0 4
1185 0 0 1 0 4
1190 0 0 1 0 4
1195 0 0 1 0 4
1200 0 0 1 0 4
1205 0 0 1 0 4
1210 0 0 1 0 4
1215 0 0 1 0 4
1220 0 0 1 0 4
1225 0 0 1 0 4
1230 0 0 1 0 4
1235 0 0 0 0 0
1240 0 0 0 0 0
1245 0 0 0 0 0
1250 0 0 0 0 0
1255 0 0 0 0 0
1260 0 0 0 0 0
1265 0 0 0 0 0
1270 0 0 0 0 0
1275 0 0 0 0 0
1280 0 0 0 0 0
1285 0 0 0 0 0
1290 0 0 0 0 1
1295 0 0 0 0 1
1300 0 0 0 0 1
1305 0 0 0 0 1
1310 0 0 0 0 1
1315 0 0 0 0 1
1320 0 0 0 0 1
1325 0 0 0 1 1
1330 0 0 0 1 1
1335 0 0 0 1 1
1340 0 0 0 1 1
1345 0 0 1 0 1
1350 0 0 1 0 1
1355 0 0 1 0 1
1360 0 0 1 0 1
1365 0 0 1 0 1
1370 0 0 1 0 1
1375 0 0 1 0 1
1380 0 0 1 0 1
1385 0 0 1 0 1
1390 0 0 1 0 1
1395 0 0 1 0 3
1400 0 0 1 0 4
1405 0 0 1 0 4
1410 0 0 1 0 4
1415 0 0 1 0 4
1420 0 0 1 0 4
1425 0 0 1 0 4
1430 0 0 1 0 4
1435 0 0 1 0 4
1440 0 0 1 0 4
1445 0 0 1 0 4
1450 0 0 1 0 4
1455 0 0 1 0 4
1460 0 0 1 0 4
1465 0 0 1 0 4
1470 0 0 0 0 0
1475 0 0 0 0 0
1480 0 0 0 0 0
1485 0 0 0 0 0
1490 0 0 0 0 0
1495 0 0 0 0 0
1500 0 0 0 0 0
1505 0 0 0 0 0
1510 0 0 0 0 0
1515 0 0 0 0 0
1520 0 0 0 0 0
1525 0 0 0 0 0
1530 0 0 1 0 3
1535 0 0 1 0 3
1540 0 0 1 0 3
1545 0 0 1 0 3
1550 0 0 1 0 3
1555 0 0 1 0 3
1560 0 0 1 0 3
1565 0 0 1 0 3
1570 0 0 1 0 3
1575 0 0 1 0 3
1580 0 0 1 0 3
1585 0 0 1 0 4
1590 0 0 1 0 4
1595 0 0 1 0 4
1600 0 0 1 0 4
1605 0 0 1 0 4
1610 0 0 1 0 4
1615 0 0 1 0 4
1620 0 0 1 0 4
1625 0 0 1 0 4
1630 0 0 1 0 4
1635 0 0 1 0 4
1640 0 0 0 0 0
1645 0 0 0 0 0
1650 0 0 0 0 0
1655 0 0 0 0 0
1660 0 0 0 0 0
1665 0 0 0 0 0
1670 0 0 0 0 0
1675 0 0 0 0 0
1680 0 0 0 0 0
1685 0 0 0 0 0
1690 0 0 0 0 0
1695 0 0 0 0 0
1700 0 0 0 0 0
1705 0 0 0 0 0
1710 0 0 0 0 0
1715 0 0 0 0 0
1720 0 0 0 0 0
1725 0 0 0 0 0
1730 0 0 0 0 0
