0 0 0 0 0 0
5 0 0 0 0 0
10 0 0 0 0 0
15 0 0 0 0 0
20 0 1 0 0 0
25 0 1 0 0 0
30 0 1 0 0 1
35 0 1 0 0 1
40 0 1 0 0 1
45 0 1 0 0 1
50 1 0 0 0 3
55 1 0 0 0 3
60 1 0 0 0 3
65 1 0 0 0 4
70 1 0 0 0 4
75 1 0 0 0 4
80 1 0 0 0 4
85 1 0 0 0 4
90 1 0 0 0 4
95 1 0 0 0 4
100 1 0 0 0 4
105 1 0 0 0 4
110 1 0 0 0 4
115 1 0 0 0 4
120 1 0 0 0 4
125 1 0 0 0 4
130 0 0 0 0 0
135 0 0 0 0 0
140 0 0 0 0 0
145 0 0 0 0 0
150 0 0 0 0 0
155 0 1 0 0 0
160 0 1 0 0 1
165 1 0 0 0 1
170 1 0 0 0 1
175 1 0 0 0 1
180 1 0 0 0 1
185 1 0 0 0 1
190 1 0 0 0 1
195 1 0 0 0 1
200 1 0 0 0 1
205 1 0 0 0 1
210 1 0 0 0 1
215 1 0 0 0 1
220 1 0 0 0 3
225 1 0 0 0 3
230 1 0 0 0 3
235 1 0 0 0 3
240 1 0 0 0 3
245 1 0 0 0 3
250 1 0 0 0 3
255 1 0 0 0 3
260 1 0 0 0 3
265 1 0 0 0 3
270 1 0 0 0 3
275 1 0 0 0 3
280 1 0 0 0 3
285 1 0 0 0 3
290 1 0 0 0 3
295 1 0 0 0 3
300 1 0 0 0 3
305 1 0 0 0 3
310 1 0 0 0 3
315 1 0 0 0 3
320 1 0 0 0 3
325 1 0 0 0 3
330 1 0 0 0 3
335 1 0 0 0 3
340 1 0 0 0 3
345 1 0 0 0 3
350 0 0 0 0 0
355 0 0 0 0 0
360 0 0 0 0 0
365 0 0 0 0 0
370 0 1 0 0 1
375 0 1 0 0 1
380 0 1 0 0 1
385 0 1 0 0 1
390 0 1 0 0 3
395 0 1 0 0 3
400 0 1 0 0 3
405 0 1 0 0 3
410 1 0 0 0 3
415 1 0 0 0 3
420 1 0 0 0 3
425 1 0 0 0 3
430 1 0 0 0 3
435 1 0 0 0 3
440 1 0 0 0 3
445 1 0 0 0 3
450 1 0 0 0 4
455 1 0 0 0 4
460 1 0 0 0 4
465 1 0 0 0 4
470 1 0 0 0 4
475 1 0 0 0 4
480 1 0 0 0 4
485 1 0 0 0 4
490 1 0 0 0 4
495 1 0 0 0 4
500 1 0 0 0 4
505 1 0 0 0 4
510 1 0 0 0 4
515 1 0 0 0 4
520 1 0 0 0 4
525 1 0 0 0 4
530 1 0 0 0 4
535 0 0 0 0 0
540 0 0 0 0 0
545 0 0 0 0 0
550 0 0 0 0 0
555 0 0 0 0 0
560 0 0 0 0 0
565 0 0 0 0 0
570 0 0 0 0 0
575 1 0 0 1 2
580 1 0 0 1 2
585 1 0 0 1 2
590 1 0 0 1 2
595 1 0 0 0 3
600 1 0 0 0 3
605 1 0 0 0 3
610 1 0 0 0 3
615 1 0 0 0 3
620 1 0 0 0 4
625 1 0 0 0 4
630 1 0 0 0 4
635 1 0 0 0 4
640 1 0 0 0 4
645 1 0 0 0 4
650 1 0 0 0 4
655 1 0 0 0 4
660 1 0 0 0 4
665 1 0 0 0 4
670 1 0 0 0 4
675 1 0 0 0 4
680 1 0 0 0 4
685 1 0 0 0 4
690 1 0 0 0 4
695 1 0 0 0 4
700 1 0 0 0 4
705 1 0 0 0 4
710 1 0 0 0 4
715 1 0 0 0 4
720 1 0 0 0 4
725 1 0 0 0 4
730 1 0 0 0 4
735 1 0 0 0 4
740 1 0 0 0 4
745 1 0 0 0 4
750 1 0 0 0 4
755 0 0 0 0 0
760 0 0 0 0 0
765 0 0 0 0 0
770 0 0 0 0 0
775 0 0 0 0 0
780 0 0 0 0 0
785 0 0 0 0 0
790 0 0 0 0 0
795 0 0 0 0 0
800 0 0 0 0 0
805 0 1 0 0 1
810 0 1 0 0 1
815 0 1 0 0 1
820 0 1 0 0 1
825 1 0 0 1 2
830 1 0 0 1 2
835 1 0 0 1 2
840 1 0 0 1 2
845 1 0 0 1 2
850 1 0 0 1 2
855 1 0 0 1 2
860 1 0 0 1 2
865 1 0 0 1 2
870 1 0 0 1 2
875 1 0 0 1 2
880 1 0 0 1 2
885 1 0 0 1 2
890 1 0 0 1 2
895 1 0 0 0 3
900 1 0 0 0 3
905 1 0 0 0 3
910 1 0 0 0 3
915 1 0 0 0 3
920 1 0 0 0 3
925 1 0 0 0 3
930 1 0 0 0 3
935 1 0 0 0 4
940 1 0 0 0 4
945 1 0 0 0 4
950 1 0 0 0 4
955 1 0 0 0 4
960 1 0 0 0 4
965 1 0 0 0 4
970 1 0 0 0 4
975 1 0 0 0 4
980 1 0 0 0 4
985 1 0 0 0 4
990 1 0 0 0 4
995 0 0 0 0 0
1000 0 0 0 0 0
1005 0 0 0 0 0
1010 0 1 0 0 1
1015 1 0 0 0 3
1020 1 0 0 0 3
1025 1 0 0 0 3
1030 1 0 0 0 3
1035 1 0 0 0 3
1040 1 0 0 0 3
1045 1 0 0 0 3
1050 1 0 0 0 3
1055 1 0 0 0 4
1060 1 0 0 0 4
1065 1 0 0 0 4
1070 1 0 0 0 4
1075 1 0 0 0 4
1080 1 0 0 0 4
1085 1 0 0 0 4
1090 1 0 0 0 4
1095 1 0 0 0 4
1100 1 0 0 0 4
1105 0 0 0 0 0
1110 0 0 0 0 0
1115 0 0 0 0 0
1120 0 0 0 0 1
1125 0 0 0 0 1
1130 0 0 0 0 1
1135 0 0 0 0 1
1140 0 0 0 0 1
1145 0 0 0 0 1
1150 0 0 0 0 1
1155 0 0 0 0 1
1160 0 0 0 0 1
1165 0 0 0 0 1
1170 0 0 0 0 1
1175 0 0 0 0 1
1180 0 0 0 0 1
1185 0 0 0 0 1
1190 0 0 0 0 1
1195 0 0 0 0 1
1200 0 0 0 0 1
1205 0 0 0 0 1
1210 0 0 0 0 1
1215 0 0 0 0 1
1220 0 1 0 0 1
1225 0 1 0 0 1
1230 0 1 0 0 1
1235 0 1 0 0 1
1240 1 0 0 0 3
1245 1 0 0 0 3
1250 1 0 0 0 3
1255 1 0 0 0 3
1260 1 0 0 0 3
1265 1 0 0 0 3
1270 1 0 0 0 4
1275 1 0 0 0 4
1280 1 0 0 0 4
1285 1 0 0 0 4
1290 1 0 0 0 4
1295 1 0 0 0 4
1300 1 0 0 0 4
1305 0 0 0 0 0
1310 0 0 0 0 0
1315 0 0 0 0 0
1320 0 0 0 0 0
1325 0 0 0 0 0
1330 0 0 0 0 0
1335 0 0 0 0 0
1340 0 0 0 0 0
1345 0 0 0 0 0
1350 0 0 0 0 0
1355 0 0 0 0 0
1360 0 0 0 0 0
1365 0 0 0 0 0
1370 0 0 0 0 0
1375 0 0 0 0 0
1380 0 0 0 0 0
1385 0 0 0 0 0
1390 0 0 0 0 0
1395 0 0 0 0 0
1400 0 0 0 0 0
1405 0 0 0 0 0
