0 0 0 0 0 0
5 0 0 0 0 0
10 0 0 0 0 0
15 0 0 0 0 0
20 0 0 0 0 0
25 0 0 0 0 0
30 0 0 0 0 0
35 0 0 0 0 0
40 0 0 0 0 0
45 0 0 0 0 0
50 0 0 0 0 0
55 0 0 0 0 0
60 0 0 0 0 0
65 0 0 0 0 0
70 0 0 0 0 0
75 0 0 0 0 0
80 0 0 0 0 0
85 0 0 0 0 0
90 0 0 0 0 0
95 0 0 0 0 0
100 0 0 0 0 0
105 0 0 0 0 0
110 0 0 0 0 0
115 0 0 0 0 0
120 0 0 0 0 0
125 0 0 0 0 0
130 0 0 0 0 0
135 0 0 0 0 0
140 0 0 0 0 0
145 0 0 0 0 0
150 0 0 0 0 0
155 0 0 0 0 0
160 0 0 0 0 0
165 0 0 0 0 0
170 0 0 0 0 0
175 0 0 0 0 0
180 0 0 0 0 0
185 0 0 0 0 0
190 0 0 0 0 0
195 0 0 0 0 0
200 0 0 0 0 0
205 0 0 0 0 0
210 0 0 0 0 0
215 0 0 0 0 0
220 0 0 0 0 0
225 0 0 0 0 0
230 0 0 0 0 0
235 0 1 0 0 1
240 0 1 0 0 1
245 0 1 0 0 1
250 0 1 0 0 1
255 0 1 0 0 1
260 0 1 0 0 1
265 0 1 0 0 1
270 0 1 0 0 1
275 1 0 0 0 1
280 1 0 0 0 1
285 1 0 0 0 1
290 1 0 0 0 1
295 1 0 0 0 1
300 1 0 0 0 1
305 1 0 0 0 1
310 1 0 0 0 3
315 1 0 0 0 3
320 1 0 0 0 3
325 1 0 0 0 3
330 1 0 0 0 3
335 1 0 0 0 3
340 1 0 0 0 3
345 1 0 0 0 3
350 1 0 0 0 3
355 1 0 0 0 4
360 1 0 0 0 4
365 1 0 0 0 4
370 1 0 0 0 4
375 1 0 0 0 4
380 1 0 0 0 4
385 1 0 0 0 4
390 1 0 0 0 4
395 0 0 0 0 0
400 0 0 0 0 0
405 0 0 0 0 0
410 0 0 0 0 0
415 0 0 0 0 0
420 0 0 0 0 0
425 0 0 0 0 0
430 0 0 0 0 0
435 0 0 0 0 0
440 0 0 0 0 0
445 0 0 0 0 0
450 0 0 0 0 0
455 0 0 0 0 0
460 0 0 0 0 0
465 0 1 0 0 1
470 0 1 0 0 1
475 0 1 0 0 1
480 0 1 0 0 1
485 0 1 0 0 1
490 0 1 0 0 1
495 0 1 0 0 1
500 0 1 0 0 1
505 0 1 0 0 1
510 0 1 0 0 1
515 1 0 0 1 2
520 1 0 0 1 2
525 1 0 0 1 2
530 1 0 0 1 2
535 1 0 0 1 2
540 1 0 0 1 2
545 1 0 0 1 2
550 1 0 0 1 2
555 1 0 0 1 2
560 1 0 0 1 2
565 1 0 0 1 2
570 1 0 0 1 2
575 1 0 0 1 2
580 1 0 0 1 2
585 1 0 0 1 2
590 1 0 0 1 2
595 1 0 0 1 2
600 1 0 0 1 2
605 1 0 0 1 2
610 1 0 0 1 2
615 1 0 0 1 2
620 1 0 0 1 2
625 1 0 0 1 2
630 1 0 0 1 2
635 1 0 0 1 2
640 1 0 0 1 2
645 1 0 0 1 2
650 1 0 0 1 2
655 1 0 0 1 2
660 1 0 0 1 2
665 1 0 0 1 2
670 1 0 0 1 2
675 1 0 0 1 2
680 1 0 0 1 2
685 1 0 0 1 2
690 1 0 0 1 2
695 1 0 0 1 2
700 1 0 0 1 2
705 1 0 0 1 2
710 1 0 0 1 2
715 1 0 0 1 2
720 1 0 0 1 2
725 1 0 0 1 2
730 1 0 0 1 2
735 1 0 0 1 2
740 1 0 0 1 2
745 1 0 0 1 2
750 1 0 0 1 2
755 1 0 0 1 2
760 1 0 0 0 0
765 1 0 0 0 0
770 0 0 0 0 0
775 0 0 0 0 0
780 0 0 0 0 0
785 0 0 0 0 0
790 0 1 0 0 1
795 0 1 0 0 1
800 0 1 0 0 1
805 0 1 0 0 1
810 0 1 0 0 1
815 0 1 0 0 1
820 0 1 0 0 1
825 0 1 0 0 1
830 0 1 0 0 1
835 0 1 0 0 1
840 0 1 0 0 1
845 0 1 0 0 1
850 0 1 0 0 1
855 0 1 0 0 1
860 0 1 0 0 1
865 0 1 0 0 1
870 0 1 0 0 1
875 0 1 0 0 1
880 0 0 0 1 1
885 0 0 0 1 1
890 0 0 0 1 1
895 0 0 0 1 1
900 0 0 0 1 1
905 0 1 0 0 1
910 0 1 0 0 1
915 0 1 0 0 1
920 1 0 0 1 2
925 1 0 0 1 2
930 1 0 0 1 2
935 1 0 0 1 2
940 1 0 0 1 2
945 1 0 0 1 2
950 1 0 0 1 2
955 1 0 0 1 2
960 1 0 0 1 2
965 1 0 0 1 2
970 1 0 0 1 2
975 1 0 0 1 2
980 1 0 0 1 2
985 1 0 0 0 3
990 1 0 0 0 3
995 1 0 0 0 3
1000 1 0 0 0 3
1005 1 0 0 0 3
1010 1 0 0 0 4
1015 1 0 0 0 4
1020 1 0 0 0 4
1025 1 0 0 0 4
1030 1 0 0 0 4
1035 1 0 0 0 4
1040 1 0 0 0 4
1045 1 0 0 0 4
1050 1 0 0 0 4
1055 1 0 0 0 4
1060 0 0 0 0 0
1065 0 0 0 0 0
1070 0 0 0 0 0
1075 0 0 0 0 0
1080 0 0 0 0 0
1085 0 0 0 0 0
1090 0 0 0 0 0
1095 0 0 0 0 0
1100 0 0 0 0 0
1105 0 0 0 0 0
1110 0 0 0 0 0
1115 0 0 0 0 0
1120 0 0 0 0 0
1125 0 0 0 0 0
1130 0 0 0 0 0
1135 0 0 0 0 0
1140 0 0 0 0 0
1145 0 0 0 0 0
1150 0 0 0 0 0
1155 0 0 0 0 0
1160 0 0 0 0 0
1165 0 0 0 0 0
1170 0 0 0 0 0
1175 0 0 0 0 0
1180 0 0 0 0 0
1185 0 0 0 0 0
1190 0 0 0 0 0
1195 0 0 0 0 0
1200 0 0 0 1 1
1205 0 0 0 1 1
1210 0 0 0 1 1
1215 0 0 0 1 1
1220 0 0 0 1 1
1225 0 0 0 1 1
1230 0 0 0 1 1
1235 0 0 0 1 1
1240 0 0 0 1 1
1245 0 0 0 1 1
1250 0 0 0 1 1
1255 0 1 1 0 2
1260 0 1 1 0 2
1265 0 1 1 0 2
1270 0 1 1 0 2
1275 0 1 1 0 2
1280 0 1 1 0 2
1285 0 1 1 0 2
1290 0 1 1 0 2
1295 0 1 1 0 2
1300 0 1 1 0 2
1305 0 0 0 0 0
1310 0 0 0 0 0
1315 0 0 0 0 0
1320 0 0 0 1 1
1325 0 0 0 1 1
1330 0 0 0 1 1
1335 0 0 0 1 1
1340 0 0 1 0 2
1345 0 0 1 0 2
1350 0 0 1 0 2
1355 0 0 1 0 2
1360 0 0 1 0 2
1365 0 1 1 0 2
1370 0 1 1 0 2
1375 0 1 1 0 2
1380 0 1 1 0 2
1385 0 1 1 0 2
1390 0 1 1 0 2
1395 0 1 1 0 2
1400 0 1 1 0 2
1405 0 1 1 0 2
1410 0 0 1 0 4
1415 0 0 1 0 4
1420 0 0 1 0 4
1425 0 0 1 0 4
1430 0 0 1 0 4
1435 0 0 1 0 4
1440 0 0 1 0 4
1445 0 0 1 0 4
1450 0 0 0 0 0
1455 0 0 0 0 0
1460 0 0 0 0 0
1465 0 0 0 0 0
1470 0 0 0 1 1
1475 0 0 0 1 1
1480 0 0 0 1 1
1485 0 0 0 1 1
1490 0 0 1 0 3
1495 0 0 1 0 3
1500 0 0 1 0 3
1505 0 0 1 0 3
1510 0 0 1 0 3
1515 0 0 1 0 3
1520 0 0 1 0 3
1525 0 0 1 0 3
1530 0 0 1 0 3
1535 0 0 1 0 3
1540 0 0 1 0 4
1545 0 0 1 0 4
1550 0 0 1 0 4
1555 0 0 1 0 4
1560 0 0 1 0 4
1565 0 0 0 0 0
1570 0 0 0 0 0
1575 0 0 0 0 0
1580 0 0 0 0 0
1585 0 0 0 0 0
1590 0 0 0 0 0
1595 0 0 0 0 0
1600 0 0 0 0 0
1605 0 0 0 0 0
1610 0 0 0 0 0
1615 0 0 0 0 0
1620 0 0 0 0 0
1625 0 0 0 0 0
1630 0 0 0 0 0
1635 0 0 0 0 0
1640 0 0 0 0 0
1645 0 0 0 0 0
1650 0 0 0 0 0
1655 0 0 0 0 0
1660 0 0 0 0 0
1665 0 0 0 0 0
1670 0 0 0 0 0
1675 0 0 0 0 0
1680 0 0 0 0 0
1685 0 0 0 0 0
1690 0 0 0 0 0
1695 0 0 0 0 0
1700 0 0 0 0 0
1705 0 0 0 0 0
1710 0 0 0 0 0
1715 0 0 0 0 0
1720 0 0 0 0 0
1725 0 0 0 0 0
1730 0 0 0 0 0
1735 0 0 0 0 0
1740 0 0 0 0 0
1745 0 0 0 0 0
1750 0 0 0 0 0
1755 0 0 0 0 0
1760 0 0 0 0 0
1765 0 0 0 0 0
1770 0 0 0 1 1
1775 0 0 0 1 1
1780 0 0 0 1 1
1785 1 0 0 0 3
1790 1 0 0 0 3
1795 1 0 0 0 3
1800 1 0 0 0 3
1805 1 0 0 0 3
1810 1 0 0 0 3
1815 1 0 0 0 3
1820 1 0 0 0 3
1825 1 0 0 0 3
1830 1 0 0 1 2
1835 1 0 0 0 3
1840 1 0 0 0 3
1845 1 0 0 0 3
1850 1 0 0 0 3
1855 1 0 0 0 3
1860 1 0 0 0 3
1865 1 0 0 0 3
1870 1 0 0 0 3
1875 1 0 0 0 3
1880 1 0 0 0 3
1885 1 0 0 0 3
1890 1 0 0 0 3
1895 1 0 0 0 4
1900 1 0 0 0 4
1905 1 0 0 0 4
1910 1 0 0 0 4
1915 1 0 0 0 4
1920 1 0 0 0 4
1925 1 0 0 0 4
1930 1 0 0 0 4
1935 1 0 0 0 4
1940 1 0 0 0 4
1945 0 0 0 0 0
1950 0 0 0 0 0
1955 0 0 0 0 0
1960 0 0 0 0 0
1965 0 0 0 0 0
1970 0 0 0 0 0
1975 0 0 0 0 0
1980 0 0 0 0 0
1985 0 0 0 0 0
1990 0 0 0 0 0
1995 0 0 0 0 0
2000 0 0 0 0 0
2005 0 0 0 0 0
2010 0 0 0 0 0
2015 0 0 0 0 0
2020 0 0 0 0 0
2025 0 0 0 0 0
2030 0 0 0 0 0
2035 0 0 0 0 0
2040 0 0 0 0 0
2045 0 0 0 0 0
2050 0 0 0 0 0
2055 0 0 0 0 0
2060 0 0 0 0 0
2065 0 0 0 0 0
2070 0 0 0 0 0
2075 0 0 0 0 0
2080 0 0 0 0 0
2085 0 0 0 0 0
2090 0 0 0 0 0
2095 0 0 0 0 0
2100 0 0 0 0 0
2105 0 0 0 0 0
2110 0 0 0 0 0
2115 0 0 0 0 0
2120 0 0 0 0 0
2125 0 1 0 0 1
2130 0 1 0 0 1
2135 0 1 0 0 1
2140 0 1 0 0 1
2145 0 1 0 0 1
2150 0 1 0 0 1
2155 0 1 0 0 1
2160 0 1 0 0 1
2165 0 1 0 0 1
2170 0 1 0 0 1
2175 1 0 0 0 3
2180 1 0 0 0 3
2185 1 0 0 0 3
2190 1 0 0 0 3
2195 1 0 0 0 3
2200 1 0 0 0 3
2205 1 0 0 0 3
2210 1 0 0 0 3
2215 1 0 0 0 3
2220 1 0 0 0 3
2225 1 0 0 0 3
2230 1 0 0 0 3
2235 1 0 0 0 3
2240 1 0 0 0 3
2245 1 0 0 0 3
2250 1 0 0 0 3
2255 1 0 0 0 3
2260 1 0 0 0 3
2265 1 0 0 0 3
2270 1 0 0 0 4
2275 1 0 0 0 4
2280 1 0 0 0 4
2285 1 0 0 0 4
2290 1 0 0 0 4
2295 1 0 0 0 4
2300 1 0 0 0 4
2305 1 0 0 0 4
2310 1 0 0 0 4
2315 1 0 0 0 4
2320 1 0 0 0 4
2325 1 0 0 0 4
2330 1 0 0 0 4
2335 1 0 0 0 4
2340 1 0 0 0 4
2345 1 0 0 0 4
2350 1 0 0 0 4
2355 0 0 0 0 0
2360 0 0 0 0 0
2365 0 0 0 0 0
2370 0 0 0 0 0
2375 0 0 0 0 0
2380 0 0 0 0 0
2385 0 0 0 0 0
2390 0 0 0 0 0
2395 0 0 0 0 0
2400 0 0 0 0 0
2405 0 0 0 0 0
2410 0 0 0 0 0
2415 0 1 0 0 1
2420 0 1 0 0 1
2425 0 1 0 0 1
2430 1 0 0 0 1
2435 1 0 0 0 1
2440 1 0 0 0 1
2445 1 0 0 0 1
2450 1 0 0 0 1
2455 1 0 0 0 1
2460 1 0 0 0 1
2465 1 0 0 0 1
2470 1 0 0 0 1
2475 1 0 0 0 1
2480 1 0 0 0 1
2485 1 0 0 0 1
2490 1 0 0 0 4
2495 1 0 0 0 4
2500 1 0 0 0 4
2505 1 0 0 0 4
2510 1 0 0 0 4
2515 1 0 0 0 4
2520 1 0 0 0 4
2525 0 0 0 0 0
2530 0 0 0 0 0
2535 0 0 0 0 0
2540 0 0 0 0 0
2545 0 0 0 0 0
2550 0 0 0 0 0
2555 0 0 0 0 0
2560 0 0 0 0 0
2565 0 0 0 0 0
2570 0 0 0 0 0
2575 0 0 0 0 0
2580 0 0 0 0 0
2585 0 0 0 0 0
2590 0 0 0 0 0
2595 0 0 0 0 0
2600 0 0 0 0 0
2605 0 0 0 0 0
2610 0 0 0 0 0
2615 0 0 0 0 0
2620 0 0 0 0 0
2625 0 0 0 0 0
2630 0 0 0 0 0
