0 0 0 0 0 0
5 0 0 0 0 0
10 0 0 0 0 0
15 0 0 0 0 0
20 0 0 0 0 0
25 0 0 0 0 0
30 0 0 0 0 0
35 0 0 0 0 0
40 0 0 0 0 0
45 0 0 0 0 0
50 0 0 0 0 0
55 0 0 0 0 0
60 0 0 0 0 0
65 0 0 0 0 0
70 0 0 0 0 0
75 0 0 0 0 0
80 0 0 0 0 0
85 0 0 0 0 0
90 0 0 0 0 0
95 0 0 0 0 0
100 0 0 0 0 0
105 0 0 0 0 0
110 0 0 0 0 0
115 0 0 0 0 0
120 0 0 0 1 1
125 0 0 0 1 1
130 0 0 0 1 1
135 0 0 0 1 1
140 0 0 0 1 1
145 0 0 0 1 1
150 0 0 0 1 1
155 0 0 0 1 1
160 0 0 0 1 1
165 0 0 0 1 1
170 0 0 0 1 1
175 0 0 0 1 1
180 0 0 0 1 1
185 0 0 0 1 1
190 0 0 0 1 1
195 0 0 0 1 1
200 0 0 0 1 1
205 0 0 0 1 1
210 0 0 0 1 1
215 0 0 0 1 1
220 0 0 0 1 1
225 0 0 0 1 1
230 0 0 0 1 1
235 0 0 0 1 1
240 0 0 0 1 1
245 0 1 1 0 2
250 0 1 1 0 2
255 0 1 1 0 2
260 0 1 1 0 2
265 0 1 1 0 2
270 0 1 1 0 2
275 0 1 1 0 2
280 0 1 1 0 2
285 0 1 1 0 2
290 0 1 1 0 2
295 0 1 1 0 2
300 0 1 1 0 2
305 0 1 1 0 2
310 0 1 1 0 2
315 0 1 1 0 2
320 0 1 1 0 2
325 0 1 1 0 2
330 0 1 1 0 2
335 0 1 1 0 2
340 0 1 1 0 2
345 0 1 1 0 2
350 0 1 1 0 2
355 0 1 1 0 2
360 0 1 1 0 2
365 0 1 1 0 2
370 0 0 1 0 3
375 0 0 1 0 3
380 0 0 1 0 3
385 0 0 1 0 3
390 0 0 1 0 3
395 0 0 1 0 4
400 0 0 1 0 4
405 0 0 1 0 4
410 0 0 1 0 4
415 0 0 1 0 4
420 0 0 1 0 4
425 0 0 1 0 4
430 0 0 1 0 4
435 0 0 1 0 4
440 0 0 1 0 4
445 0 0 1 0 4
450 0 0 1 0 4
455 0 0 1 0 4
460 0 0 1 0 4
465 0 0 1 0 4
470 0 0 1 0 4
475 0 0 1 0 4
480 0 0 1 0 4
485 0 0 1 0 4
490 0 0 1 0 4
495 0 0 1 0 4
500 0 0 1 0 4
505 0 0 1 0 4
510 0 0 1 0 4
515 0 0 1 0 4
520 0 0 1 0 4
525 0 0 1 0 4
530 0 0 1 0 4
535 0 0 1 0 4
540 0 1 1 0 3
545 0 1 1 0 3
550 0 1 1 0 3
555 0 1 1 0 3
560 0 1 1 0 3
565 0 1 1 0 3
570 0 1 1 0 3
575 0 1 1 0 3
580 1 0 0 0 3
585 1 0 0 0 3
590 1 0 0 0 3
595 1 0 0 0 3
600 1 0 0 0 3
605 1 0 0 0 3
610 1 0 0 0 3
615 1 0 0 0 3
620 1 0 0 0 3
625 1 0 0 0 3
630 1 0 0 0 3
635 1 0 0 0 3
640 1 0 0 0 3
645 1 0 0 0 3
650 1 0 0 0 3
655 1 0 0 0 3
660 1 0 0 0 3
665 1 0 0 0 3
670 1 0 0 0 3
675 1 0 0 0 4
680 1 0 0 0 4
685 1 0 0 0 4
690 1 0 0 0 4
695 1 0 0 0 4
700 1 0 0 0 4
705 1 0 0 0 4
710 1 0 0 0 4
715 1 0 0 0 4
720 1 0 0 0 4
725 1 0 0 0 4
730 1 0 0 0 4
735 1 0 0 0 4
740 1 0 0 0 4
745 1 0 0 0 4
750 1 0 0 0 4
755 1 0 0 0 4
760 1 0 0 0 4
765 1 0 0 0 4
770 1 0 0 0 4
775 1 0 0 0 4
780 1 0 0 0 4
785 1 0 0 0 4
790 1 0 0 0 4
795 1 0 0 0 4
800 1 0 0 0 4
805 1 0 0 0 4
810 1 0 0 0 4
815 1 0 0 0 4
820 1 0 0 0 4
825 1 0 0 0 4
830 1 0 0 0 4
835 1 0 0 0 4
840 1 0 0 0 4
845 1 0 0 0 4
850 1 0 0 0 4
855 1 0 0 0 4
860 1 0 0 0 4
865 0 0 0 0 0
870 0 0 0 0 0
875 0 0 0 0 0
880 0 0 0 0 0
885 0 0 0 0 0
890 0 0 0 0 0
895 0 0 0 0 0
900 0 0 0 0 0
905 0 0 0 0 0
910 0 0 0 0 0
915 0 0 0 0 0
920 0 1 0 0 1
925 0 1 0 0 1
930 0 1 0 0 1
935 0 1 0 0 1
940 0 1 0 0 1
945 0 1 0 0 1
950 0 1 0 0 1
955 0 1 0 0 1
960 1 0 0 1 2
965 1 0 0 1 2
970 1 0 0 1 2
975 1 0 0 1 2
980 1 0 0 1 2
985 1 0 0 1 2
990 1 0 0 1 2
995 1 0 0 1 2
1000 1 0 0 1 2
1005 1 0 0 1 2
1010 1 0 0 1 2
1015 1 0 0 1 2
1020 1 0 0 1 2
1025 1 0 0 1 2
1030 1 0 0 1 2
1035 1 0 0 1 2
1040 1 0 0 1 2
1045 1 0 0 1 2
1050 1 0 0 1 2
1055 1 0 0 1 2
1060 1 0 0 1 2
1065 1 0 0 1 2
1070 1 0 0 1 2
1075 1 0 0 1 2
1080 1 0 0 1 2
1085 1 0 0 1 2
1090 1 0 0 1 2
1095 1 0 0 1 2
1100 1 0 0 1 2
1105 1 0 0 1 2
1110 1 0 0 1 2
1115 1 0 0 1 2
1120 1 0 0 1 2
1125 1 0 0 1 2
1130 1 0 0 1 2
1135 1 0 0 1 2
1140 1 0 0 1 2
1145 1 0 0 1 2
1150 1 0 0 1 2
1155 1 0 0 1 2
1160 1 0 0 1 2
1165 1 0 0 1 2
1170 1 0 0 1 2
1175 1 0 0 1 2
1180 1 0 0 1 2
1185 1 0 0 0 3
1190 1 0 0 0 3
1195 1 0 0 0 3
1200 1 0 0 0 3
1205 1 0 0 0 4
1210 1 0 0 0 4
1215 1 0 0 0 4
1220 1 0 0 0 4
1225 1 0 0 0 4
1230 1 0 0 0 4
1235 1 0 0 0 4
1240 1 0 0 0 4
1245 1 0 0 0 4
1250 1 0 0 0 4
1255 1 0 0 0 4
1260 0 0 0 0 0
1265 0 0 0 0 0
1270 0 0 0 0 0
1275 0 0 0 0 0
1280 0 0 0 0 0
1285 0 0 0 0 0
1290 0 0 0 0 0
1295 0 0 0 0 0
1300 0 0 0 0 0
1305 0 0 0 0 0
1310 0 0 0 0 0
1315 0 1 0 0 1
1320 0 1 0 0 1
1325 0 1 0 0 1
1330 0 1 0 0 1
1335 0 1 0 0 1
1340 0 1 0 0 1
1345 0 1 0 0 1
1350 0 1 0 0 1
1355 0 1 0 0 1
1360 0 1 0 0 1
1365 0 1 0 0 1
1370 0 1 0 0 1
1375 0 1 0 0 1
1380 0 1 0 0 1
1385 0 1 0 0 1
1390 0 1 0 0 1
1395 1 0 0 1 2
1400 1 0 0 1 2
1405 1 0 0 1 2
1410 1 0 0 1 2
1415 1 0 0 1 2
1420 1 0 0 1 2
1425 1 0 0 1 2
1430 1 0 0 1 2
1435 1 0 0 1 2
1440 1 0 0 1 2
1445 1 0 0 0 3
1450 1 0 0 0 3
1455 1 0 0 0 3
1460 1 0 0 0 3
1465 1 0 0 0 3
1470 1 0 0 0 3
1475 1 0 0 0 3
1480 1 0 0 0 3
1485 1 0 0 0 3
1490 1 0 0 0 3
1495 1 0 0 0 3
1500 1 0 0 0 4
1505 1 0 0 0 4
1510 1 0 0 0 4
1515 1 0 0 0 4
1520 1 0 0 0 4
1525 1 0 0 0 4
1530 1 0 0 0 4
1535 1 0 0 0 4
1540 1 0 0 0 4
1545 1 0 0 0 4
1550 1 0 0 0 4
1555 1 0 0 0 4
1560 1 0 0 0 4
1565 1 0 0 0 4
1570 1 0 0 0 4
1575 1 0 0 0 4
1580 1 0 0 0 4
1585 1 0 0 0 4
1590 1 0 0 0 4
1595 1 0 0 0 4
1600 1 0 0 0 4
1605 1 0 0 0 4
1610 1 0 0 0 4
1615 1 0 0 0 4
1620 1 0 0 0 4
1625 1 0 0 0 4
1630 1 0 0 0 4
1635 1 0 0 1 4
1640 1 0 0 1 4
1645 1 0 0 1 4
1650 1 0 0 1 4
1655 1 0 0 1 4
1660 0 0 0 0 0
1665 0 0 0 0 0
1670 0 0 0 0 0
1675 0 0 0 0 0
1680 0 0 0 0 0
1685 0 0 0 0 0
1690 0 0 0 0 0
1695 0 0 0 0 0
1700 0 0 0 0 0
1705 0 0 0 0 0
1710 0 0 0 0 0
1715 0 0 0 0 0
1720 0 0 0 0 0
1725 0 0 0 0 0
1730 1 0 0 0 1
1735 1 0 0 0 1
1740 1 0 0 0 1
1745 1 0 0 0 1
1750 1 0 0 0 1
1755 1 0 0 0 1
1760 1 0 0 0 1
1765 1 0 0 0 1
1770 1 0 0 0 1
1775 1 0 0 1 2
1780 1 0 0 1 2
1785 1 0 0 1 2
1790 1 0 0 1 2
1795 1 0 0 1 2
1800 1 0 0 1 2
1805 1 0 0 1 2
1810 1 0 0 0 3
1815 1 0 0 0 3
1820 1 0 0 0 3
1825 1 0 0 0 3
1830 1 0 0 0 3
1835 1 0 0 0 3
1840 1 0 0 0 3
1845 1 0 0 0 3
1850 1 0 0 0 3
1855 1 0 0 0 3
1860 1 0 0 0 3
1865 1 0 0 0 3
1870 1 0 0 0 3
1875 1 0 0 0 3
1880 1 0 0 0 4
1885 1 0 0 0 4
1890 1 0 0 0 4
1895 1 0 0 0 4
1900 1 0 0 0 4
1905 1 0 0 0 4
1910 1 0 0 0 4
1915 1 0 0 0 4
1920 1 0 0 0 4
1925 1 0 0 0 4
1930 0 0 0 0 0
1935 0 0 0 0 0
1940 0 0 0 0 0
1945 0 0 0 0 0
1950 0 0 0 0 0
1955 0 0 0 0 0
1960 0 1 0 0 1
1965 0 1 0 0 1
1970 0 1 0 0 1
1975 0 1 0 0 1
1980 0 1 0 0 1
1985 0 1 0 0 1
1990 0 1 0 0 1
1995 0 1 0 0 1
2000 0 1 0 0 1
2005 0 1 0 0 3
2010 0 1 0 0 3
2015 0 1 0 0 3
2020 0 1 0 0 3
2025 0 1 0 0 3
2030 0 1 0 0 3
2035 1 0 0 0 4
2040 1 0 0 0 4
2045 1 0 0 0 4
2050 1 0 0 0 4
2055 1 0 0 0 4
2060 1 0 0 0 4
2065 1 0 0 0 4
2070 1 0 0 0 4
2075 1 0 0 0 4
2080 1 0 0 0 4
2085 1 0 0 0 4
2090 1 0 0 0 4
2095 1 0 0 0 4
2100 0 0 0 0 0
2105 0 0 0 0 0
2110 0 1 0 0 1
2115 0 1 0 0 1
2120 0 1 0 0 1
2125 0 1 0 0 1
2130 0 1 0 0 1
2135 0 1 0 0 1
2140 0 1 0 0 1
2145 1 0 0 1 2
2150 1 0 0 1 2
2155 1 0 0 1 2
2160 1 0 0 1 2
2165 1 0 0 1 2
2170 1 0 0 1 2
2175 1 0 0 1 2
2180 1 0 0 1 2
2185 1 0 0 1 2
2190 1 0 0 1 2
2195 1 0 0 1 2
2200 1 0 0 1 2
2205 1 0 0 1 2
2210 1 0 0 1 2
2215 1 0 0 1 2
2220 1 0 0 1 2
2225 1 0 0 1 2
2230 1 0 0 1 2
2235 1 0 0 1 2
2240 1 0 0 1 2
2245 1 0 0 1 2
2250 1 0 0 1 2
2255 1 0 0 1 2
2260 1 0 0 1 2
2265 1 0 0 1 2
2270 1 0 0 1 2
2275 1 0 0 1 2
2280 1 0 0 1 2
2285 1 0 0 1 2
2290 1 0 0 1 2
2295 1 0 0 1 2
2300 1 0 0 1 2
2305 1 0 0 1 2
2310 1 0 0 1 2
2315 1 0 0 1 2
2320 1 0 0 1 2
2325 1 0 0 1 2
2330 1 0 0 0 3
2335 1 0 0 0 3
2340 1 0 0 0 3
2345 1 0 0 0 3
2350 1 0 0 0 3
2355 1 0 0 0 3
2360 1 0 0 0 4
2365 1 0 0 0 4
2370 1 0 0 0 4
2375 1 0 0 0 4
2380 1 0 0 0 4
2385 1 0 0 0 4
2390 1 0 0 0 4
2395 1 0 0 0 4
2400 1 0 0 0 4
2405 1 0 0 0 4
2410 1 0 0 0 4
2415 1 0 0 0 4
2420 0 0 0 0 0
2425 0 0 0 0 0
2430 0 0 0 0 0
2435 0 0 0 0 1
2440 0 0 0 0 1
2445 0 1 0 0 1
2450 0 1 0 0 1
2455 0 1 0 0 1
2460 1 0 0 1 2
2465 1 0 0 1 2
2470 1 0 0 1 2
2475 1 0 0 0 3
2480 1 0 0 0 3
2485 1 0 0 0 3
2490 1 0 0 0 3
2495 1 0 0 0 3
2500 1 0 0 0 3
2505 1 0 0 0 3
2510 1 0 0 0 3
2515 1 0 0 0 4
2520 1 0 0 0 4
2525 1 0 0 0 4
2530 1 0 0 0 4
2535 1 0 0 0 4
2540 1 0 0 0 4
2545 1 0 0 0 4
2550 1 0 0 0 4
2555 1 0 0 0 4
2560 1 0 0 0 4
2565 1 0 0 0 4
2570 1 0 0 0 4
2575 0 0 0 0 0
2580 0 0 0 0 0
2585 0 0 0 0 0
2590 0 0 0 0 0
2595 0 0 0 0 0
2600 0 0 0 0 0
2605 0 0 0 0 0
2610 0 0 0 0 0
2615 0 0 0 0 0
2620 0 0 0 0 0
2625 0 0 0 0 0
2630 0 0 0 0 0
2635 0 0 0 0 0
2640 0 0 0 0 0
