0 0 0 0 0 0
5 0 0 0 0 0
10 0 0 0 0 0
15 0 0 0 0 0
20 0 0 0 0 0
25 0 0 0 0 0
30 0 0 0 0 0
35 0 0 0 0 0
40 0 0 0 0 0
45 0 0 0 0 0
50 0 0 0 0 0
55 0 0 0 0 0
60 0 0 0 0 0
65 0 0 0 0 0
70 0 0 0 0 0
75 0 0 0 0 0
80 0 0 0 0 0
85 0 0 0 0 0
90 0 0 0 0 0
95 0 0 0 0 0
100 0 0 0 0 0
105 0 0 0 0 0
110 0 0 0 0 0
115 0 0 0 0 0
120 0 0 0 0 0
125 0 0 0 0 0
130 0 0 0 0 0
135 0 0 0 0 0
140 0 0 0 0 1
145 0 0 0 0 1
150 0 0 0 1 1
155 0 0 0 1 1
160 0 0 0 1 1
165 0 0 0 1 1
170 0 0 0 1 1
175 0 0 0 1 1
180 0 0 0 1 1
185 0 0 0 1 1
190 0 0 0 1 1
195 0 0 0 1 1
200 0 0 0 1 1
205 0 0 0 1 1
210 0 0 0 1 1
215 0 0 0 1 1
220 0 0 0 1 1
225 0 0 0 1 1
230 0 0 0 1 1
235 0 0 0 1 1
240 0 0 0 1 1
245 0 0 0 1 1
250 0 0 0 1 1
255 0 0 0 1 1
260 0 0 0 1 1
265 0 0 0 1 1
270 0 0 0 1 1
275 0 0 0 1 1
280 0 0 0 1 1
285 0 0 1 0 3
290 0 0 1 0 3
295 0 0 1 0 3
300 0 0 1 0 3
305 0 0 1 0 3
310 0 0 1 0 3
315 0 0 1 0 3
320 0 0 1 0 3
325 0 0 1 0 3
330 0 0 1 0 3
335 0 0 1 0 3
340 0 0 1 0 3
345 0 0 1 0 3
350 0 0 1 0 3
355 0 0 1 0 3
360 0 0 1 0 4
365 0 0 1 0 4
370 0 0 1 0 4
375 0 0 1 0 4
380 0 0 1 0 4
385 0 0 1 0 4
390 0 0 0 0 0
395 0 0 0 0 0
400 0 0 0 0 0
405 0 0 0 0 0
410 0 0 0 0 0
415 0 0 0 0 0
420 0 0 0 1 1
425 0 0 0 1 1
430 0 0 0 1 1
435 0 0 0 1 1
440 0 0 0 1 1
445 0 0 0 1 1
450 0 0 0 1 1
455 0 0 0 1 1
460 0 1 1 0 2
465 0 1 1 0 2
470 0 1 1 0 2
475 0 1 1 0 2
480 0 1 1 0 2
485 0 1 1 0 2
490 0 1 1 0 2
495 0 1 1 0 2
500 0 1 1 0 2
505 0 1 1 0 2
510 0 1 1 0 2
515 0 1 1 0 2
520 0 1 1 0 2
525 0 1 1 0 2
530 0 1 1 0 2
535 0 1 1 0 2
540 0 1 1 0 2
545 0 1 1 0 2
550 0 1 1 0 2
555 0 1 1 0 2
560 0 0 1 0 3
565 0 0 1 0 3
570 0 0 1 0 3
575 0 0 1 0 3
580 0 0 1 0 4
585 0 0 1 0 4
590 0 0 1 0 4
595 0 0 1 0 4
600 0 0 1 0 4
605 0 0 1 0 4
610 0 0 1 0 4
615 0 0 0 0 0
620 0 0 0 0 0
625 0 0 0 0 0
630 0 0 0 0 0
635 0 0 0 0 0
640 0 0 0 0 0
645 0 0 0 0 0
650 0 0 0 0 0
655 0 0 0 0 0
660 0 0 0 0 0
665 0 0 0 0 0
670 0 0 0 0 0
675 0 0 0 0 0
680 0 0 0 1 1
685 0 0 0 1 1
690 0 0 0 1 1
695 0 0 0 1 1
700 0 0 0 1 1
705 0 0 0 1 1
710 0 0 0 1 1
715 0 0 0 1 1
720 0 0 0 1 1
725 0 0 0 1 1
730 0 0 0 1 1
735 0 0 0 1 1
740 0 0 0 1 1
745 0 0 0 1 1
750 0 0 0 1 1
755 0 0 0 1 1
760 0 0 0 1 1
765 0 0 0 1 1
770 0 0 0 1 1
775 0 0 0 1 1
780 0 0 0 1 1
785 0 0 0 1 1
790 0 0 0 1 1
795 0 0 0 1 1
800 0 0 0 1 1
805 0 0 0 1 1
810 0 0 0 1 1
815 0 0 0 1 1
820 0 0 0 1 1
825 0 0 0 1 1
830 0 0 1 0 3
835 0 0 1 0 3
840 0 0 1 0 3
845 0 0 1 0 3
850 0 0 1 0 3
855 0 0 1 0 3
860 0 0 1 0 3
865 0 0 1 0 3
870 0 0 1 0 3
875 0 0 1 0 3
880 0 0 1 0 3
885 0 0 1 0 3
890 0 0 1 0 4
895 0 0 1 0 4
900 0 0 1 0 4
905 0 0 0 0 0
910 0 0 0 0 0
915 0 0 0 0 0
920 0 0 0 0 0
925 0 0 0 0 0
930 0 0 0 0 0
935 0 0 0 0 0
940 0 0 0 0 0
945 0 0 0 0 0
950 0 0 0 0 0
955 0 0 0 1 1
960 0 0 0 1 1
965 0 0 0 1 1
970 0 0 0 1 1
975 0 0 0 1 1
980 0 0 0 1 1
985 0 0 0 1 1
990 0 0 0 1 1
995 0 0 0 1 1
1000 0 0 0 1 1
1005 0 0 0 1 1
1010 0 0 0 1 1
1015 0 0 1 0 1
1020 0 0 1 0 2
1025 0 0 1 0 2
1030 0 0 1 0 3
1035 0 0 1 0 3
1040 0 0 1 0 3
1045 0 0 1 0 3
1050 0 0 1 0 3
1055 0 0 1 0 3
1060 0 0 1 0 3
1065 0 0 1 0 4
1070 0 0 1 0 4
1075 0 0 1 0 4
1080 0 0 1 0 4
1085 0 0 1 0 4
1090 0 0 1 0 4
1095 0 0 1 0 4
1100 0 0 0 0 0
1105 0 0 0 0 0
1110 0 0 0 0 0
1115 0 0 0 0 0
1120 0 0 0 0 0
1125 0 0 0 0 0
1130 0 0 0 0 0
1135 0 0 0 1 1
1140 0 0 0 1 1
1145 0 0 0 1 1
1150 0 0 0 1 1
1155 0 0 0 1 1
1160 0 0 0 1 1
1165 0 0 0 1 1
1170 0 0 0 1 1
1175 0 0 0 1 1
1180 0 0 0 1 1
1185 0 0 0 1 1
1190 0 0 0 1 3
1195 0 0 0 1 3
1200 0 0 0 1 3
1205 0 0 0 1 3
1210 0 0 0 1 3
1215 0 0 0 1 3
1220 0 0 0 1 4
1225 0 0 0 1 4
1230 0 0 0 1 4
1235 0 0 0 1 4
1240 0 0 0 1 4
1245 0 0 0 1 4
1250 0 0 0 0 0
1255 0 0 0 0 0
1260 0 0 0 0 0
1265 0 0 0 0 0
1270 0 0 0 0 0
1275 0 0 0 0 0
1280 0 0 0 0 0
1285 0 0 0 0 0
1290 0 0 0 0 0
1295 0 0 0 0 0
1300 0 0 0 0 0
1305 0 0 0 1 1
1310 0 0 0 1 1
1315 0 0 0 1 1
1320 0 0 0 1 1
1325 0 0 0 1 1
1330 0 0 0 1 1
1335 0 0 0 1 1
1340 0 0 1 0 2
1345 0 0 1 0 2
1350 0 0 1 0 2
1355 0 0 1 0 2
1360 0 1 1 0 2
1365 0 1 1 0 2
1370 0 1 1 0 2
1375 0 1 1 0 2
1380 0 1 1 0 2
1385 0 1 1 0 2
1390 0 1 1 0 2
1395 0 1 1 0 2
1400 0 1 1 0 2
1405 0 1 1 0 2
1410 0 1 1 0 2
1415 0 1 1 0 2
1420 0 1 1 0 2
1425 0 1 1 0 2
1430 0 1 1 0 2
1435 0 1 1 0 2
1440 0 1 1 0 2
1445 0 1 1 0 2
1450 0 1 1 0 2
1455 0 1 1 0 2
1460 0 1 1 0 2
1465 0 1 1 0 2
1470 0 1 1 0 2
1475 0 1 1 0 2
1480 0 1 1 0 2
1485 0 1 1 0 2
1490 0 1 1 0 2
1495 0 1 1 0 2
1500 0 0 1 0 3
1505 0 0 1 0 3
1510 0 0 1 0 3
1515 0 0 1 0 3
1520 0 0 1 0 3
1525 0 0 1 0 3
1530 0 0 1 0 3
1535 0 0 1 0 3
1540 0 0 1 0 3
1545 0 0 1 0 4
1550 0 0 1 0 4
1555 0 0 1 0 4
1560 0 0 1 0 4
1565 0 0 1 0 4
1570 0 0 1 0 4
1575 0 0 1 0 4
1580 0 0 1 0 4
1585 0 0 1 0 4
1590 0 0 1 0 4
1595 0 0 0 0 0
1600 0 0 0 0 0
1605 0 0 0 0 0
1610 0 0 0 0 0
1615 0 0 0 0 0
1620 0 0 0 0 0
1625 0 0 0 0 0
1630 0 0 0 0 0
1635 0 0 0 0 0
1640 0 0 0 0 0
1645 0 0 0 0 0
1650 0 0 0 0 0
1655 0 0 0 0 0
1660 0 0 0 0 0
1665 0 0 0 0 0
1670 0 0 0 0 0
1675 0 0 0 0 0
1680 0 0 0 0 0
1685 0 0 0 0 0
1690 0 0 0 0 0
1695 0 0 0 0 0
1700 0 0 0 0 0
1705 0 0 0 0 0
1710 0 0 0 0 0
1715 0 0 0 0 0
1720 0 0 0 0 0
1725 0 0 0 0 0
1730 0 0 0 0 0
1735 0 0 0 0 0
1740 0 0 0 0 0
1745 0 0 0 0 0
1750 0 0 0 0 0
1755 0 0 0 0 0
1760 0 0 0 0 0
1765 0 0 0 0 0
1770 0 0 0 0 0
1775 0 0 0 0 0
1780 0 0 0 0 0
1785 0 0 0 0 0
1790 0 0 0 0 0
1795 0 0 0 0 0
1800 0 0 0 0 0
1805 0 0 0 0 0
1810 0 0 0 0 0
1815 0 0 0 0 0
1820 0 0 0 0 0
1825 0 0 0 0 0
1830 0 0 0 0 0
1835 0 0 0 0 0
1840 0 0 0 0 0
1845 0 0 0 0 0
1850 0 0 0 0 0
1855 0 0 0 0 0
1860 0 0 0 0 0
1865 0 0 0 0 0
1870 0 0 0 0 0
1875 0 0 0 0 0
1880 0 0 0 0 0
1885 0 0 0 0 0
1890 0 0 0 0 0
1895 0 0 0 0 0
