0 0 0 0 0 0
5 0 0 0 0 0
10 0 0 0 0 0
15 0 0 0 1 1
20 0 0 0 1 1
25 0 0 1 0 1
30 0 0 1 0 1
35 0 0 1 0 0
40 0 0 0 0 0
45 0 0 0 0 0
50 0 0 0 0 0
55 0 0 0 1 1
60 0 0 0 1 1
65 0 0 1 0 1
70 0 0 1 0 2
75 0 1 1 0 2
80 0 1 1 0 2
85 1 1 0 0 2
90 0 0 0 0 0
95 0 0 0 0 0
100 0 0 0 0 0
105 0 0 0 0 0
110 0 0 0 0 0
115 0 0 1 0 1
120 0 0 1 0 1
125 0 0 1 0 1
130 0 0 1 0 1
135 0 0 1 0 1
140 0 0 1 0 1
145 0 0 1 0 1
150 0 0 1 0 1
155 0 0 1 0 2
160 0 0 1 0 2
165 0 0 1 0 2
170 0 0 1 0 2
175 0 1 1 0 2
180 0 1 1 0 2
185 0 1 1 0 2
190 0 1 1 0 2
195 0 1 1 0 2
200 0 1 1 0 2
205 0 1 1 0 2
210 0 1 1 0 2
215 0 1 1 0 2
220 0 1 1 0 2
225 0 1 1 0 2
230 0 1 1 0 2
235 0 1 1 0 2
240 0 1 1 0 2
245 0 1 1 0 2
250 0 0 1 0 3
255 0 0 1 0 3
260 0 0 1 0 3
265 0 0 1 0 3
270 0 0 1 0 3
275 0 0 1 0 3
280 0 0 1 0 3
285 0 0 1 0 3
290 0 0 1 0 3
295 0 0 1 0 3
300 0 0 1 0 3
305 0 0 1 0 3
310 0 0 1 0 3
315 0 0 0 0 0
320 0 0 0 0 0
325 0 0 0 0 0
330 0 0 0 0 0
335 0 0 0 0 0
340 0 0 0 0 0
345 0 0 0 1 1
350 0 0 0 1 1
355 0 0 0 1 1
360 0 0 0 1 1
365 0 0 0 1 1
370 0 0 1 0 1
375 0 0 1 0 1
380 0 0 1 0 1
385 0 0 1 0 1
390 0 0 1 0 1
395 0 0 1 0 1
400 0 0 1 0 1
405 0 0 1 0 1
410 0 0 1 0 1
415 0 0 1 0 1
420 0 0 0 0 0
425 0 0 0 0 0
430 0 0 0 0 0
435 0 0 0 0 0
440 0 0 0 1 0
445 0 0 0 1 1
450 0 0 0 1 1
455 0 0 0 1 1
460 0 0 0 1 1
465 0 0 0 1 1
470 0 0 0 1 1
475 0 1 1 0 2
480 0 1 1 0 2
485 0 1 1 0 2
490 0 0 1 0 3
495 0 0 1 0 3
500 0 0 1 0 3
505 0 0 1 0 3
510 0 0 1 0 3
515 0 0 1 0 3
520 0 0 1 0 3
525 0 0 1 0 3
530 0 0 1 0 3
535 0 0 1 0 3
540 0 0 1 0 3
545 0 0 1 0 3
550 0 0 1 0 3
555 0 0 1 0 3
560 0 0 1 0 3
565 0 0 1 0 3
570 0 0 1 0 3
575 0 0 1 0 4
580 0 0 1 0 4
585 0 0 1 0 4
590 0 0 1 0 4
595 0 0 1 0 4
600 0 0 1 0 4
605 0 0 1 0 4
610 0 0 1 0 4
615 0 0 1 0 4
620 0 0 1 0 4
625 0 0 1 0 4
630 0 0 0 0 0
635 0 0 0 0 0
640 0 0 0 0 0
645 0 0 0 0 0
650 0 0 0 0 0
655 0 0 0 0 0
660 0 0 0 0 0
665 0 0 0 0 0
670 0 0 0 0 0
675 0 0 0 0 0
680 0 0 0 0 0
685 0 0 0 0 0
690 0 0 0 0 0
695 0 0 0 0 0
700 0 0 0 0 0
705 0 0 0 0 0
710 0 0 0 0 0
715 0 0 0 1 1
720 0 0 0 1 1
725 0 0 0 1 1
730 0 0 0 1 1
735 0 0 0 1 1
740 0 0 0 1 1
745 0 0 0 1 1
750 0 0 1 0 3
755 0 0 1 0 3
760 0 0 1 0 3
765 0 0 1 0 3
770 0 0 1 0 3
775 0 0 1 0 4
780 0 0 1 0 4
785 0 0 1 0 4
790 0 0 1 0 4
795 0 0 1 0 4
800 0 0 1 0 4
805 0 0 1 0 4
810 0 0 1 0 4
815 0 0 1 0 4
820 0 0 1 0 4
825 0 0 1 0 4
830 0 0 1 0 4
835 0 0 1 0 4
840 0 0 0 0 0
845 0 0 0 0 0
850 0 0 0 0 0
855 0 0 0 0 0
860 0 0 0 0 0
865 0 0 0 0 0
870 0 0 0 0 0
875 0 0 0 0 0
880 0 0 0 0 0
885 0 0 0 0 0
890 0 0 0 0 0
895 0 0 0 0 0
900 0 0 0 0 0
905 0 0 0 0 0
910 0 0 0 0 0
915 0 0 0 0 0
920 0 0 0 1 1
925 0 0 0 1 1
930 0 0 0 1 1
935 0 0 0 1 1
940 0 0 0 1 1
945 0 0 0 1 1
950 0 0 1 0 2
955 0 0 1 0 2
960 0 0 1 0 2
965 0 1 1 0 2
970 0 1 1 0 2
975 0 1 1 0 2
980 0 1 1 0 2
985 0 1 1 0 2
990 0 1 1 0 2
995 0 1 1 0 2
1000 0 1 1 0 2
1005 0 1 1 0 2
1010 0 0 1 0 3
1015 0 0 1 0 3
1020 0 0 1 0 4
1025 0 0 1 0 4
1030 0 0 1 0 4
1035 0 0 1 0 4
1040 0 0 1 0 4
1045 0 0 1 0 4
1050 0 0 1 0 4
1055 0 0 1 0 4
1060 0 0 1 0 4
1065 0 0 0 0 0
1070 0 0 0 0 0
1075 0 0 0 0 0
1080 0 0 0 0 0
1085 0 0 0 0 0
1090 0 0 0 0 0
1095 0 0 0 0 0
1100 0 0 0 1 1
1105 0 0 0 1 1
1110 0 0 0 1 1
1115 0 0 0 1 1
1120 0 0 0 1 1
1125 0 0 0 1 1
1130 0 0 0 1 1
1135 0 0 0 1 1
1140 0 0 0 1 1
1145 0 0 0 1 1
1150 0 0 0 1 1
1155 0 0 0 1 0
1160 0 0 0 1 0
1165 0 0 0 1 1
1170 0 0 0 1 1
1175 0 0 0 1 1
1180 0 0 0 1 1
1185 0 0 0 1 1
1190 0 0 0 1 1
1195 0 0 1 0 3
1200 0 0 1 0 3
1205 0 0 1 0 3
1210 0 0 1 0 3
1215 0 0 1 0 4
1220 0 0 1 0 4
1225 0 0 1 0 4
1230 0 0 1 0 4
1235 0 0 1 0 4
1240 0 0 1 0 4
1245 0 0 0 0 0
1250 0 0 0 0 0
1255 0 0 0 0 0
1260 0 0 0 0 0
1265 0 0 0 0 0
1270 0 0 0 0 0
1275 0 0 0 0 0
1280 0 0 0 0 0
1285 0 0 0 0 0
1290 0 0 0 0 0
1295 0 0 0 0 0
1300 0 0 0 0 0
1305 0 0 0 0 0
1310 0 0 0 0 0
1315 0 0 0 0 0
1320 0 0 0 1 1
1325 0 0 0 1 1
1330 0 0 0 1 1
1335 0 0 0 1 1
1340 0 0 0 1 1
1345 0 0 0 1 1
1350 0 0 0 1 1
1355 0 0 0 1 1
1360 0 1 1 0 2
1365 0 1 1 0 2
1370 0 1 1 0 2
1375 0 1 1 0 2
1380 0 1 1 0 2
1385 0 1 1 0 2
1390 0 1 1 0 2
1395 0 1 1 0 2
1400 0 1 1 0 2
1405 0 1 1 0 2
1410 0 1 1 0 2
1415 0 0 1 0 3
1420 0 0 1 0 3
1425 0 0 1 0 3
1430 0 0 1 0 3
1435 0 0 1 0 4
1440 0 0 1 0 4
1445 0 0 1 0 4
1450 0 0 1 0 4
1455 0 0 1 0 4
1460 0 0 1 0 4
1465 0 0 1 0 4
1470 0 0 1 0 4
1475 0 0 1 0 4
1480 0 0 1 0 4
1485 0 0 1 0 4
1490 0 0 0 0 0
1495 0 0 0 0 0
1500 0 0 0 0 0
1505 0 0 0 0 0
1510 0 0 0 0 0
1515 0 0 0 1 1
1520 0 0 0 1 1
1525 0 0 0 1 1
1530 0 0 0 1 1
1535 0 0 0 1 1
1540 0 0 0 1 1
1545 0 0 0 0 1
1550 0 0 0 0 1
1555 0 0 0 0 1
1560 0 0 0 0 1
1565 0 0 0 0 1
1570 0 0 0 0 1
1575 0 0 0 0 1
1580 0 0 0 0 1
1585 0 0 0 0 1
1590 0 0 1 0 2
1595 0 0 1 0 2
1600 0 0 1 0 2
1605 0 0 1 0 2
1610 0 0 1 0 2
1615 0 0 1 0 3
1620 0 0 1 0 3
1625 0 0 1 0 3
1630 0 0 1 0 3
1635 0 0 1 0 3
1640 0 0 1 0 3
1645 0 0 1 0 4
1650 0 0 1 0 4
1655 0 0 1 0 4
1660 0 0 1 0 4
1665 0 0 1 0 4
1670 0 0 0 0 0
1675 0 0 0 0 0
1680 0 0 0 0 0
1685 0 0 0 0 0
1690 0 0 0 0 0
1695 0 0 0 0 0
1700 0 0 0 0 0
1705 0 0 0 0 0
1710 0 0 0 0 0
1715 0 0 0 0 0
1720 0 0 0 0 0
1725 0 0 0 0 0
1730 0 0 0 0 0
1735 0 0 0 0 0
1740 0 0 0 0 0
1745 0 0 0 0 0
1750 0 0 0 0 0
1755 0 0 0 0 0
1760 0 0 0 0 0
1765 0 0 0 0 0
1770 0 0 0 0 0
1775 0 0 0 0 0
