0 0 0 0 0 0
5 0 0 0 0 0
10 0 0 0 0 0
15 0 0 0 0 0
20 0 0 0 0 0
25 0 0 0 0 0
30 0 0 0 0 0
35 0 0 0 0 0
40 0 0 0 0 0
45 0 0 0 0 0
50 0 0 0 0 0
55 0 0 0 0 0
60 0 0 0 0 0
65 0 0 0 0 0
70 0 0 0 0 0
75 0 0 0 0 0
80 0 0 0 0 0
85 0 0 0 0 0
90 0 1 0 0 1
95 1 0 0 0 2
100 1 0 0 0 2
105 1 0 0 0 2
110 1 0 0 0 2
115 1 0 0 0 2
120 1 0 0 0 2
125 1 0 0 0 2
130 1 0 0 1 2
135 1 0 0 1 2
140 1 0 0 1 2
145 1 0 0 1 2
150 1 0 0 1 2
155 1 0 0 1 2
160 1 0 0 1 2
165 1 0 0 1 2
170 1 0 0 1 2
175 1 0 0 1 2
180 1 0 0 1 2
185 1 0 0 1 2
190 1 0 0 1 2
195 1 0 0 1 2
200 1 0 0 1 2
205 1 0 0 1 2
210 1 0 0 1 2
215 1 0 0 1 2
220 1 0 0 1 2
225 1 0 0 1 2
230 1 0 0 1 2
235 1 0 0 1 2
240 1 0 0 1 2
245 1 0 0 1 2
250 1 0 0 1 2
255 1 0 0 1 2
260 1 0 0 1 2
265 1 0 0 1 2
270 1 0 0 1 2
275 1 0 0 0 3
280 1 0 0 0 3
285 1 0 0 0 3
290 1 0 0 0 3
295 1 0 0 0 3
300 1 0 0 0 3
305 1 0 0 0 3
310 1 0 0 0 3
315 1 0 0 0 3
320 1 0 0 0 3
325 1 0 0 0 3
330 1 0 0 0 3
335 1 0 0 0 3
340 1 0 0 0 3
345 1 0 0 0 3
350 1 0 0 0 3
355 1 0 0 0 3
360 1 0 0 0 3
365 1 0 0 0 3
370 1 0 0 0 3
375 1 0 0 0 3
380 1 0 0 0 3
385 1 0 0 0 3
390 1 0 0 0 3
395 1 0 0 0 3
400 1 0 0 0 3
405 1 0 0 0 3
410 1 0 0 0 3
415 1 0 0 0 3
420 1 0 0 0 3
425 1 0 0 0 4
430 1 0 0 0 4
435 1 0 0 0 4
440 1 0 0 0 4
445 1 0 0 0 4
450 1 0 0 0 4
455 1 0 0 0 4
460 1 0 0 0 4
465 1 0 0 0 4
470 1 0 0 0 4
475 1 0 0 0 4
480 1 0 0 0 4
485 1 0 0 0 4
490 0 0 0 0 0
495 0 0 0 0 0
500 0 0 0 0 0
505 0 0 0 0 0
510 0 0 0 0 0
515 0 0 0 0 0
520 0 1 0 0 1
525 0 1 0 0 1
530 0 1 0 0 1
535 0 1 0 0 1
540 1 0 0 1 2
545 1 0 0 1 2
550 1 0 0 1 2
555 1 0 0 1 2
560 1 0 0 1 2
565 1 0 0 1 2
570 1 0 0 1 2
575 1 0 0 1 2
580 1 0 0 1 2
585 1 0 0 1 2
590 0 0 0 0 0
595 0 0 0 0 0
600 0 0 0 0 0
605 0 0 0 0 0
610 0 0 0 0 0
615 0 0 0 0 0
620 0 0 0 0 0
625 0 0 0 0 0
630 0 0 0 0 0
635 0 0 0 0 0
640 0 1 0 0 1
645 0 1 0 0 1
650 0 1 0 0 1
655 0 1 0 0 1
660 0 1 0 0 1
665 0 1 0 0 1
670 0 1 0 0 1
675 0 1 0 0 1
680 0 1 0 0 1
685 0 0 0 0 1
690 0 0 0 0 1
695 0 0 0 0 1
700 0 0 0 0 1
705 0 0 0 0 1
710 0 0 0 0 1
715 0 0 0 0 1
720 0 0 0 0 1
725 0 1 0 0 1
730 0 1 0 0 1
735 0 1 0 0 1
740 0 1 0 0 1
745 0 1 0 0 1
750 0 1 0 0 1
755 0 1 0 0 1
760 0 1 0 0 1
765 0 1 0 0 3
770 0 1 0 0 3
775 0 1 0 0 3
780 0 1 0 0 3
785 0 1 0 0 3
790 0 1 0 0 3
795 0 1 0 0 3
800 0 1 0 0 3
805 0 1 0 0 3
810 0 1 0 0 3
815 1 0 0 0 3
820 1 0 0 0 3
825 1 0 0 0 3
830 1 0 0 0 3
835 1 0 0 0 3
840 1 0 0 0 3
845 1 0 0 0 3
850 1 0 0 0 3
855 1 0 0 0 3
860 1 0 0 0 4
865 1 0 0 0 4
870 1 0 0 0 4
875 0 0 0 0 0
880 0 0 0 0 0
885 0 0 0 0 0
890 0 0 0 0 0
895 0 0 0 0 0
900 0 0 0 0 0
905 0 0 0 0 0
910 0 0 0 0 0
915 0 0 0 0 0
920 0 0 0 0 0
925 0 0 0 0 0
930 0 0 0 0 0
935 0 0 0 0 0
940 0 0 0 0 0
945 0 1 0 0 1
950 1 0 0 0 3
955 1 0 0 0 3
960 1 0 0 0 3
965 1 0 0 0 3
970 1 0 0 0 3
975 1 0 0 0 3
980 1 0 0 0 3
985 1 0 0 0 3
990 1 0 0 0 3
995 1 0 0 0 3
1000 1 0 0 0 3
1005 1 0 0 0 3
1010 1 0 0 0 4
1015 1 0 0 0 4
1020 1 0 0 0 4
1025 1 0 0 0 4
1030 1 0 0 0 4
1035 1 0 0 0 4
1040 1 0 0 0 4
1045 1 0 0 0 4
1050 1 0 0 0 4
1055 0 0 0 0 0
1060 0 0 0 0 0
1065 0 0 0 0 0
1070 0 0 0 0 0
1075 0 0 0 0 0
1080 0 0 0 0 0
1085 0 0 0 0 0
1090 0 0 0 0 0
1095 0 0 0 0 0
1100 0 0 0 0 0
1105 0 0 0 0 0
1110 0 1 0 0 1
1115 0 1 0 0 1
1120 0 1 0 0 1
1125 1 0 0 1 2
1130 1 0 0 1 2
1135 1 0 0 1 2
1140 1 0 0 1 2
1145 1 0 0 1 2
1150 1 0 0 1 2
1155 1 0 0 1 2
1160 1 0 0 1 2
1165 1 0 0 1 2
1170 1 0 0 1 2
1175 1 0 0 1 2
1180 1 0 0 1 2
1185 1 0 0 1 2
1190 1 0 0 1 2
1195 1 0 0 0 3
1200 1 0 0 0 3
1205 1 0 0 0 3
1210 1 0 0 0 3
1215 1 0 0 0 3
1220 1 0 0 0 3
1225 1 0 0 0 3
1230 1 0 0 0 3
1235 1 0 0 0 3
1240 1 0 0 0 3
1245 1 0 0 0 3
1250 1 0 0 0 3
1255 1 0 0 0 3
1260 1 0 0 0 3
1265 1 0 0 0 4
1270 0 0 0 0 0
1275 0 0 0 0 1
1280 0 0 0 0 1
1285 0 0 0 0 1
1290 0 0 0 0 1
1295 0 0 0 0 1
1300 0 0 0 0 1
1305 0 0 0 0 1
1310 0 0 0 0 1
1315 0 1 0 0 1
1320 1 0 0 0 3
1325 1 0 0 0 3
1330 1 0 0 0 3
1335 1 0 0 0 3
1340 1 0 0 0 3
1345 1 0 0 0 3
1350 1 0 0 0 3
1355 1 0 0 0 3
1360 1 0 0 0 3
1365 1 0 0 0 3
1370 1 0 0 0 4
1375 1 0 0 0 4
1380 1 0 0 0 4
1385 1 0 0 0 4
1390 1 0 0 0 4
1395 1 0 0 0 4
1400 1 0 0 0 4
1405 1 0 0 0 4
1410 0 0 0 0 0
1415 0 0 0 0 0
1420 0 0 0 0 0
1425 0 0 0 0 0
1430 0 0 0 0 0
1435 0 0 0 0 0
1440 0 0 0 0 0
1445 0 0 0 0 1
1450 0 0 0 0 1
1455 0 0 0 0 1
1460 0 0 0 0 1
1465 0 0 0 0 1
1470 0 0 0 0 1
1475 0 0 0 0 1
1480 0 0 0 0 1
1485 1 0 0 0 3
1490 1 0 0 0 3
1495 1 0 0 0 3
1500 1 0 0 0 3
1505 1 0 0 0 3
1510 1 0 0 0 3
1515 1 0 0 0 3
1520 1 0 0 0 3
1525 1 0 0 0 3
1530 1 0 0 0 3
1535 1 0 0 0 3
1540 1 0 0 0 3
1545 1 0 0 0 3
1550 1 0 0 0 3
1555 1 0 0 0 3
1560 1 0 0 0 3
1565 1 0 0 0 3
1570 1 0 0 0 3
1575 1 0 0 0 3
1580 1 0 0 0 3
1585 1 0 0 0 3
1590 1 0 0 0 3
1595 1 0 0 0 3
1600 1 0 0 0 3
1605 1 0 0 0 3
1610 1 0 0 0 3
1615 1 0 0 0 3
1620 1 0 0 0 4
1625 1 0 0 0 4
1630 1 0 0 0 4
1635 1 0 0 0 4
1640 0 0 0 0 0
1645 0 0 0 0 0
1650 0 0 0 0 0
1655 0 0 0 0 0
1660 0 0 0 0 0
1665 0 0 0 0 0
1670 0 0 0 0 0
1675 0 0 0 0 0
1680 0 0 0 0 0
1685 0 0 0 0 0
1690 0 0 0 0 0
1695 0 0 0 0 0
1700 0 0 0 0 0
1705 0 0 0 0 0
1710 0 0 0 0 0
1715 0 0 0 0 0
1720 0 0 0 0 0
1725 0 0 0 0 0
1730 0 0 0 0 0
1735 0 0 0 0 0
1740 0 0 0 0 0
1745 0 0 0 0 0
1750 0 0 0 0 0
1755 0 0 0 0 0
1760 0 0 0 0 0
1765 0 0 0 0 0
1770 0 0 0 0 0
1775 0 1 0 0 1
1780 0 1 0 0 1
1785 0 1 0 0 1
1790 0 1 0 0 1
1795 0 1 0 0 1
1800 0 1 0 0 1
1805 0 1 0 0 1
1810 0 1 0 0 1
1815 0 1 0 0 1
1820 0 1 0 0 1
1825 0 1 0 0 1
1830 0 1 0 0 1
1835 0 1 0 0 1
1840 0 1 0 0 1
1845 0 1 0 0 1
1850 0 1 0 0 1
1855 0 1 0 0 1
1860 0 1 0 0 1
1865 0 1 0 0 1
1870 0 1 0 0 1
1875 0 1 0 0 1
1880 0 1 0 0 1
1885 0 1 0 0 1
1890 0 1 0 0 1
1895 0 1 0 0 1
1900 0 1 0 0 1
1905 0 1 0 0 1
1910 0 1 0 0 1
1915 0 1 0 0 1
1920 0 1 0 0 1
1925 0 1 0 0 1
1930 0 1 0 0 1
1935 0 1 0 0 1
1940 0 1 0 0 1
1945 0 1 0 0 1
1950 0 1 0 0 1
1955 0 1 0 0 1
1960 0 1 0 0 1
1965 0 1 0 0 1
1970 0 1 0 0 1
1975 0 1 0 0 1
1980 0 1 0 0 1
1985 0 1 0 0 1
1990 0 1 0 0 1
1995 0 1 0 0 1
2000 0 1 0 0 1
2005 0 1 0 0 1
2010 0 1 0 0 1
2015 0 1 0 0 1
2020 0 1 0 0 1
2025 1 0 0 0 3
2030 1 0 0 0 3
2035 1 0 0 0 3
2040 1 0 0 0 3
2045 1 0 0 0 3
2050 1 0 0 0 3
2055 1 0 0 0 3
2060 1 0 0 0 3
2065 1 0 0 0 3
2070 1 0 0 0 3
2075 1 0 0 0 3
2080 1 0 0 0 3
2085 1 0 0 0 3
2090 1 0 0 0 3
2095 1 0 0 0 3
2100 1 0 0 0 3
2105 1 0 0 0 3
2110 1 0 0 0 3
2115 1 0 0 0 3
2120 1 0 0 0 3
2125 1 0 0 0 3
2130 1 0 0 0 3
2135 1 0 0 0 3
2140 1 0 0 0 3
2145 1 0 0 0 3
2150 1 0 0 0 3
2155 1 0 0 0 3
2160 1 0 0 0 3
2165 1 0 0 0 3
2170 1 0 0 0 4
2175 1 0 0 0 4
2180 1 0 0 0 4
2185 1 0 0 0 4
2190 1 0 0 0 4
2195 1 0 0 0 4
2200 1 0 0 0 4
2205 1 0 0 0 4
2210 0 0 0 0 0
2215 0 0 0 0 0
2220 0 0 0 0 0
2225 0 0 0 0 0
2230 0 0 0 0 0
2235 0 0 0 0 0
2240 0 0 0 0 0
2245 0 0 0 0 0
2250 0 0 0 0 0
2255 0 0 0 0 0
2260 0 0 0 0 0
2265 0 0 0 0 0
