0 0 0 0 0 0
5 0 0 0 0 0
10 0 0 0 0 0
15 0 0 0 0 0
20 0 0 0 0 0
25 0 0 0 0 0
30 0 0 0 0 0
35 0 0 0 0 0
40 0 0 0 1 1
45 0 0 0 1 1
50 0 0 0 1 1
55 0 0 0 1 1
60 0 0 0 1 1
65 0 0 0 1 1
70 0 0 1 0 1
75 0 0 1 0 1
80 0 0 1 0 3
85 0 0 1 0 3
90 0 0 1 0 3
95 0 0 1 0 3
100 0 0 1 0 3
105 0 0 1 0 3
110 0 0 1 0 3
115 0 0 1 0 3
120 0 0 1 0 3
125 0 0 1 0 3
130 0 0 1 0 3
135 0 0 1 0 3
140 0 0 1 0 3
145 0 0 1 0 4
150 0 0 1 0 4
155 0 0 1 0 4
160 0 0 1 0 4
165 0 0 1 0 4
170 0 0 1 0 4
175 0 0 1 0 4
180 0 0 1 0 4
185 0 0 1 0 4
190 0 0 1 0 4
195 0 0 1 0 4
200 0 0 1 0 4
205 0 0 1 0 4
210 0 0 1 0 4
215 0 0 1 0 4
220 0 0 1 0 4
225 0 0 1 0 4
230 0 0 1 0 4
235 0 0 1 0 4
240 0 0 1 0 4
245 0 0 1 0 4
250 0 0 1 0 4
255 0 0 1 0 4
260 0 0 1 0 4
265 0 0 1 0 4
270 0 0 1 0 4
275 0 0 1 0 4
280 0 0 1 0 4
285 0 0 1 0 4
290 0 0 1 0 4
295 0 0 1 0 4
300 0 0 0 0 0
305 0 0 0 0 0
310 0 0 0 0 0
315 0 0 0 0 0
320 0 0 0 0 0
325 0 0 0 0 0
330 0 0 0 0 0
335 0 0 0 0 0
340 0 0 0 0 0
345 0 0 0 0 0
350 0 0 0 0 0
355 0 0 0 0 1
360 0 0 0 0 1
365 0 0 0 0 1
370 0 0 0 0 1
375 0 0 0 0 1
380 0 0 0 1 1
385 0 0 0 1 1
390 0 0 0 1 1
395 0 0 0 1 1
400 0 0 0 1 1
405 0 0 0 1 1
410 0 0 0 1 2
415 0 0 1 0 2
420 0 0 1 0 2
425 0 0 1 0 2
430 0 0 1 0 3
435 0 0 1 0 3
440 0 0 1 0 3
445 0 0 1 0 3
450 0 0 1 0 3
455 0 0 1 0 3
460 0 0 1 0 3
465 0 0 1 0 4
470 0 0 1 0 4
475 0 0 1 0 4
480 0 0 1 0 4
485 0 0 1 0 4
490 0 0 1 0 4
495 0 0 1 0 4
500 0 0 1 0 4
505 0 0 1 0 4
510 0 0 1 0 4
515 0 0 1 0 4
520 0 0 1 0 4
525 0 0 1 0 4
530 0 0 1 0 4
535 0 0 1 0 4
540 0 0 1 0 4
545 0 0 1 0 4
550 0 0 1 0 4
555 0 0 1 0 4
560 0 0 1 0 4
565 0 0 1 0 4
570 0 0 1 0 4
575 0 0 1 0 4
580 0 0 1 0 4
585 0 0 1 0 4
590 0 0 1 0 4
595 0 0 1 0 4
600 0 0 1 0 4
605 0 0 1 0 4
610 0 0 1 0 4
615 0 0 1 0 4
620 0 0 0 0 0
625 0 0 0 0 0
630 0 0 0 0 0
635 0 0 0 0 0
640 0 0 0 0 0
645 0 0 0 0 0
650 0 0 0 0 0
655 0 0 0 0 0
660 0 0 0 1 1
665 0 0 0 1 1
670 0 0 0 1 1
675 0 0 0 1 1
680 0 0 0 1 1
685 0 0 0 1 1
690 0 0 0 1 1
695 0 0 0 1 1
700 0 0 0 1 1
705 0 0 0 1 1
710 0 0 0 1 1
715 0 0 0 1 1
720 0 0 0 1 1
725 0 0 1 0 1
730 0 0 1 0 1
735 0 0 1 0 1
740 0 0 1 0 1
745 0 0 1 0 1
750 0 0 1 0 1
755 0 0 1 0 1
760 0 0 1 0 1
765 0 0 1 0 2
770 0 0 1 0 2
775 0 0 1 0 2
780 0 0 1 0 2
785 0 0 1 0 2
790 0 0 1 0 2
795 0 0 1 0 2
800 0 0 1 0 2
805 0 0 1 0 2
810 0 0 1 0 2
815 0 0 1 0 2
820 0 0 1 0 2
825 0 1 1 0 2
830 0 1 1 0 2
835 0 1 1 0 2
840 0 1 1 0 2
845 0 1 1 0 2
850 0 1 1 0 2
855 0 1 1 0 2
860 0 1 1 0 2
865 0 1 1 0 3
870 0 1 1 0 3
875 0 0 1 0 3
880 0 0 1 0 3
885 0 0 1 0 3
890 0 0 1 0 3
895 0 0 1 0 3
900 0 0 1 0 4
905 0 0 1 0 4
910 0 0 1 0 4
915 0 0 1 0 4
920 0 0 1 0 4
925 0 0 1 0 4
930 0 0 1 0 4
935 0 0 1 0 4
940 0 0 1 0 4
945 0 0 1 0 4
950 0 0 1 0 4
955 0 0 1 0 4
960 0 0 1 0 4
965 0 0 1 0 4
970 0 0 1 0 4
975 0 0 1 0 4
980 0 0 1 0 4
985 0 0 1 0 4
990 0 0 1 0 4
995 0 0 1 0 4
1000 0 0 1 0 4
1005 0 0 1 0 4
1010 0 0 1 0 4
1015 0 0 1 0 4
1020 0 0 0 0 0
1025 0 0 0 0 0
1030 0 0 0 0 0
1035 0 0 0 0 0
1040 0 0 0 0 0
1045 0 0 0 0 0
1050 0 0 0 0 0
1055 0 0 0 0 0
1060 0 0 0 0 1
1065 0 0 0 0 1
1070 0 0 0 0 1
1075 0 0 0 0 1
1080 0 0 0 0 1
1085 0 0 1 0 2
1090 0 0 1 0 2
1095 0 0 1 0 2
1100 0 0 1 0 2
1105 0 0 1 0 2
1110 0 0 1 0 2
1115 0 0 1 0 2
1120 0 0 1 0 2
1125 0 0 1 0 2
1130 0 1 1 0 2
1135 0 1 1 0 2
1140 0 1 1 0 2
1145 0 1 1 0 2
1150 0 0 1 0 3
1155 0 0 1 0 3
1160 0 0 1 0 3
1165 0 0 1 0 3
1170 0 0 1 0 3
1175 0 0 1 0 3
1180 0 0 1 0 3
1185 0 0 1 0 3
1190 0 0 1 0 4
1195 0 0 1 0 4
1200 0 0 1 0 4
1205 0 0 1 0 4
1210 0 0 1 0 4
1215 0 0 1 0 4
1220 0 0 1 0 4
1225 0 0 1 0 4
1230 0 0 1 0 4
1235 0 0 1 0 4
1240 0 0 1 0 4
1245 0 0 1 0 4
1250 0 0 1 0 4
1255 0 0 1 0 4
1260 0 0 1 0 4
1265 0 0 1 0 4
1270 0 0 1 0 4
1275 0 0 1 0 4
1280 0 0 1 0 4
1285 0 0 1 0 4
1290 0 0 1 0 4
1295 0 0 1 0 4
1300 0 0 1 0 4
1305 0 0 1 0 4
1310 0 0 1 0 4
1315 0 0 1 0 4
1320 0 0 1 0 4
1325 0 0 1 0 4
1330 0 0 1 0 4
1335 0 0 0 0 0
1340 0 0 0 0 0
1345 0 0 0 0 0
1350 0 0 0 0 0
1355 0 0 0 0 0
1360 0 0 0 0 0
1365 0 0 0 0 0
1370 0 0 0 0 0
1375 0 0 0 0 0
1380 0 0 0 0 0
1385 0 0 0 0 0
1390 0 0 1 0 2
1395 0 0 1 0 2
1400 0 1 1 0 2
1405 0 1 1 0 2
1410 0 1 1 0 2
1415 0 1 1 0 2
1420 0 1 1 0 2
1425 0 1 1 0 2
1430 0 1 1 0 2
1435 0 1 1 0 2
1440 0 1 1 0 2
1445 0 1 1 0 2
1450 0 1 1 0 2
1455 0 1 1 0 2
1460 0 1 1 0 2
1465 0 0 1 0 3
1470 0 0 1 0 3
1475 0 0 1 0 3
1480 0 0 1 0 3
1485 0 0 1 0 3
1490 0 0 1 0 4
1495 0 0 1 0 4
1500 0 0 1 0 4
1505 0 0 1 0 4
1510 0 0 1 0 4
1515 0 0 1 0 4
1520 0 0 1 0 4
1525 0 0 1 0 4
1530 0 0 1 0 4
1535 0 0 1 0 4
1540 0 0 1 0 4
1545 0 0 1 0 4
1550 0 0 1 0 4
1555 0 0 1 0 4
1560 0 0 1 0 4
1565 0 0 1 0 4
1570 0 0 1 0 4
1575 0 0 1 0 4
1580 0 0 1 0 4
1585 0 0 1 0 4
1590 0 0 1 0 4
1595 0 0 1 0 4
1600 0 0 0 0 0
1605 0 0 0 0 0
1610 0 0 0 0 0
1615 0 0 0 0 0
1620 0 0 0 0 0
1625 0 0 0 0 0
1630 0 0 0 0 0
1635 0 0 0 0 0
1640 0 0 0 0 0
1645 0 0 0 0 0
1650 0 0 0 0 0
1655 0 0 0 0 0
1660 0 0 0 0 0
1665 0 0 0 0 0
1670 0 0 0 0 0
1675 0 0 0 0 0
1680 0 0 0 0 0
1685 0 0 0 0 0
1690 0 0 0 0 0
1695 0 0 0 1 1
1700 0 0 0 1 1
1705 0 0 0 1 1
1710 0 0 0 1 1
1715 0 0 0 1 1
1720 0 0 1 0 3
1725 0 0 1 0 3
1730 0 0 1 0 3
1735 0 0 1 0 3
1740 0 0 1 0 3
1745 0 0 1 0 3
1750 0 0 1 0 3
1755 0 0 1 0 3
1760 0 0 1 0 4
1765 0 0 1 0 4
1770 0 0 1 0 4
1775 0 0 1 0 4
1780 0 0 1 0 4
1785 0 0 1 0 4
1790 0 0 1 0 4
1795 0 0 1 0 4
1800 0 0 1 0 4
1805 0 0 1 0 4
1810 0 0 1 0 4
1815 0 0 1 0 4
1820 0 0 1 0 4
1825 0 0 1 0 4
1830 0 0 1 0 4
1835 0 0 1 0 4
1840 0 0 1 0 4
1845 0 0 0 0 0
1850 0 0 0 0 0
1855 0 0 0 0 0
1860 0 0 0 0 0
1865 0 0 0 0 0
1870 0 0 0 0 0
1875 0 0 0 0 0
1880 0 0 0 0 0
1885 0 0 0 0 0
1890 0 0 0 0 0
1895 0 0 0 0 0
1900 0 0 0 0 0
1905 0 0 0 0 1
1910 0 0 0 0 1
1915 0 0 0 1 1
1920 0 0 0 1 1
1925 0 0 0 1 1
1930 0 0 0 1 1
1935 0 0 0 1 1
1940 0 0 0 1 1
1945 0 0 0 1 1
1950 0 0 0 1 1
1955 0 0 0 1 1
1960 0 0 0 1 1
1965 0 0 0 1 1
1970 0 0 0 1 1
1975 0 0 0 1 1
1980 0 0 0 1 1
1985 0 0 0 1 1
1990 0 0 1 0 1
1995 0 0 1 0 1
2000 0 0 1 0 1
2005 0 0 1 0 1
2010 0 0 1 0 1
2015 0 0 1 0 1
2020 0 0 1 0 1
2025 0 0 1 0 1
2030 0 0 1 0 1
2035 0 0 1 0 1
2040 0 0 1 0 1
2045 0 0 1 0 1
2050 0 0 1 0 1
2055 0 0 1 0 1
2060 0 0 1 0 3
2065 0 0 1 0 3
2070 0 0 1 0 3
2075 0 0 1 0 3
2080 0 0 1 0 3
2085 0 0 1 0 3
2090 0 0 1 0 4
2095 0 0 1 0 4
2100 0 0 1 0 4
2105 0 0 1 0 4
2110 0 0 1 0 4
2115 0 0 1 0 4
2120 0 0 1 0 4
2125 0 0 1 0 4
2130 0 0 1 0 4
2135 0 0 1 0 4
2140 0 0 1 0 4
2145 0 0 1 0 4
2150 0 0 1 0 4
2155 0 0 1 0 4
2160 0 0 1 0 4
2165 0 0 1 0 4
2170 0 0 1 0 4
2175 0 0 1 0 4
2180 0 0 1 0 4
2185 0 0 1 0 4
2190 0 0 0 0 0
2195 0 0 0 0 0
2200 0 0 0 0 0
2205 0 0 0 0 0
2210 0 0 0 0 0
2215 0 0 0 0 0
2220 0 0 0 0 0
2225 0 0 0 0 0
2230 0 0 0 0 0
2235 0 0 0 0 0
2240 0 0 0 0 0
2245 0 0 0 0 0
2250 0 0 0 0 0
