0 0 0 0 0 0
5 0 0 0 0 0
10 0 0 0 0 0
15 0 0 0 0 0
20 0 0 0 0 0
25 0 0 0 0 0
30 0 0 0 0 0
35 0 0 0 0 0
40 0 0 0 0 0
45 0 0 0 0 0
50 0 0 0 0 0
55 0 0 0 0 0
60 0 0 0 0 0
65 0 0 0 0 0
70 0 0 0 0 0
75 0 0 0 0 0
80 0 0 0 0 0
85 0 0 0 0 0
90 0 0 0 1 1
95 0 0 0 1 1
100 0 0 0 1 1
105 0 0 0 1 1
110 0 0 0 1 1
115 0 0 0 1 1
120 0 0 0 1 1
125 0 0 0 1 1
130 0 0 0 1 1
135 0 0 0 1 1
140 0 0 0 1 1
145 0 0 0 1 1
150 0 0 0 1 1
155 0 0 0 1 1
160 0 0 0 1 1
165 0 0 0 1 1
170 0 0 0 1 1
175 0 0 0 1 1
180 0 0 0 1 1
185 0 0 0 1 1
190 0 0 0 1 1
195 0 0 0 1 1
200 0 0 0 1 1
205 0 0 0 1 1
210 0 0 0 1 1
215 0 0 0 1 1
220 0 0 0 1 1
225 0 0 0 1 1
230 0 0 0 1 1
235 0 0 0 1 1
240 0 0 0 1 1
245 0 0 0 1 1
250 0 0 0 1 1
255 0 0 0 1 1
260 0 0 0 1 1
265 0 0 0 1 1
270 0 0 0 1 1
275 0 0 0 1 1
280 0 0 0 1 1
285 0 0 0 1 1
290 0 0 0 1 1
295 0 0 0 1 1
300 0 0 0 1 1
305 0 0 0 1 1
310 0 0 0 1 1
315 0 0 0 1 1
320 0 0 0 1 1
325 0 0 0 1 1
330 0 0 0 1 1
335 0 0 0 1 1
340 0 0 0 1 1
345 0 0 0 1 1
350 0 0 0 1 1
355 0 0 0 1 1
360 0 0 0 1 1
365 0 0 0 1 1
370 0 0 0 1 1
375 0 0 0 1 1
380 0 0 0 1 1
385 0 0 0 1 1
390 0 0 0 1 1
395 0 1 0 1 1
400 0 1 0 1 1
405 0 1 0 1 1
410 0 1 0 1 1
415 0 1 0 1 1
420 0 1 0 1 1
425 0 1 0 1 1
430 0 1 0 1 1
435 0 1 0 1 1
440 0 1 0 1 1
445 0 1 0 1 1
450 0 1 0 1 1
455 0 1 0 1 1
460 0 1 0 1 1
465 0 1 0 1 1
470 0 1 0 1 1
475 0 1 0 1 1
480 0 1 0 1 1
485 0 1 0 1 1
490 0 1 0 1 1
495 0 1 0 1 1
500 0 1 0 1 1
505 0 1 0 1 1
510 0 1 0 1 1
515 0 1 0 1 1
520 0 1 0 1 1
525 0 1 0 1 1
530 0 1 0 1 1
535 0 1 0 1 1
540 0 1 0 1 1
545 0 1 1 0 2
550 0 1 1 0 2
555 0 1 1 0 2
560 0 1 1 0 2
565 0 1 1 0 2
570 0 1 1 0 2
575 0 1 1 0 2
580 0 1 1 0 2
585 0 1 1 0 2
590 0 1 1 0 2
595 0 1 1 0 2
600 0 1 1 0 2
605 0 1 1 0 2
610 0 1 0 0 3
615 0 1 0 0 3
620 0 1 0 0 3
625 0 1 0 0 3
630 0 1 0 0 3
635 0 1 0 0 3
640 0 1 0 0 3
645 0 1 0 0 3
650 0 1 0 0 3
655 0 1 0 0 3
660 0 1 0 0 3
665 0 1 0 0 3
670 0 1 0 0 3
675 0 1 0 0 3
680 0 1 0 0 3
685 0 1 0 0 3
690 0 1 0 0 4
695 0 1 0 0 4
700 0 1 0 0 4
705 0 1 0 0 4
710 0 1 0 0 4
715 0 1 0 0 4
720 0 1 0 0 4
725 0 1 0 0 4
730 0 1 0 0 4
735 0 1 0 0 4
740 0 1 0 0 4
745 0 1 0 0 4
750 0 1 0 0 4
755 0 0 0 0 0
760 0 0 0 0 0
765 0 0 0 0 0
770 0 0 0 0 0
775 0 0 0 0 0
780 0 0 0 0 0
785 0 0 0 0 0
790 0 0 0 0 0
795 0 0 0 0 0
800 0 0 0 1 1
805 0 0 0 1 1
810 0 0 0 1 1
815 0 0 0 1 1
820 0 0 1 0 2
825 0 0 1 0 2
830 0 0 1 0 2
835 0 1 1 0 2
840 0 1 1 0 2
845 0 1 1 0 2
850 0 1 1 0 2
855 0 1 1 0 2
860 0 1 1 0 2
865 0 1 1 0 2
870 0 1 1 0 2
875 0 1 1 0 2
880 0 1 1 0 2
885 0 1 1 0 2
890 0 1 1 0 2
895 0 1 1 0 2
900 0 1 1 0 2
905 0 0 1 0 3
910 0 0 1 0 3
915 0 0 1 0 3
920 0 0 1 0 3
925 0 0 1 0 3
930 0 0 1 0 3
935 0 0 1 0 3
940 0 0 1 0 3
945 0 0 1 0 4
950 0 0 1 0 4
955 0 0 1 0 4
960 0 0 1 0 4
965 0 0 1 0 4
970 0 0 1 0 4
975 0 0 1 0 4
980 0 0 1 0 4
985 0 0 1 0 4
990 0 0 0 0 0
995 0 0 0 0 0
1000 0 0 0 0 0
1005 0 0 0 0 0
1010 0 0 0 0 0
1015 0 0 0 1 1
1020 0 0 0 1 1
1025 0 0 0 1 1
1030 0 0 0 1 1
1035 0 0 0 1 1
1040 0 0 0 1 1
1045 0 0 0 1 1
1050 0 0 0 1 1
1055 0 0 0 1 1
1060 0 0 0 1 1
1065 0 0 0 1 1
1070 0 0 0 1 1
1075 0 0 0 1 1
1080 0 0 0 1 1
1085 0 0 0 1 1
1090 0 0 0 1 1
1095 0 0 0 1 1
1100 0 0 0 1 1
1105 0 0 0 1 1
1110 0 1 1 0 2
1115 0 1 1 0 2
1120 0 1 1 0 2
1125 0 1 1 0 2
1130 0 1 1 0 2
1135 0 1 1 0 2
1140 0 0 1 0 3
1145 0 0 1 0 3
1150 0 0 1 0 3
1155 0 0 1 0 3
1160 0 0 1 0 3
1165 0 0 1 0 4
1170 0 0 1 0 4
1175 0 0 1 0 4
1180 0 0 1 0 4
1185 0 0 1 0 4
1190 0 0 1 0 4
1195 0 0 1 0 4
1200 0 0 1 0 4
1205 0 0 1 0 4
1210 0 0 1 0 4
1215 0 0 1 0 4
1220 0 0 0 0 0
1225 0 0 0 0 0
1230 0 0 0 0 0
1235 0 0 0 0 0
1240 0 0 0 0 0
1245 0 0 0 0 0
1250 0 0 0 0 0
1255 0 0 0 0 0
1260 0 0 0 0 0
1265 0 0 0 0 0
1270 0 0 0 1 1
1275 0 0 0 1 1
1280 0 0 0 1 1
1285 0 0 0 1 1
1290 0 0 0 1 1
1295 0 0 0 1 1
1300 0 0 0 1 1
1305 0 0 0 1 1
1310 0 0 0 1 1
1315 0 0 0 1 1
1320 0 0 0 1 1
1325 0 0 0 1 1
1330 0 0 0 1 1
1335 0 0 0 1 1
1340 0 0 0 1 1
1345 0 0 0 1 1
1350 0 0 0 1 1
1355 0 0 0 1 1
1360 0 0 0 1 1
1365 0 0 0 1 1
1370 0 0 0 1 1
1375 0 0 0 1 1
1380 0 0 0 1 1
1385 0 0 0 1 1
1390 0 0 0 1 1
1395 0 0 0 1 1
1400 0 0 0 1 1
1405 0 0 0 1 1
1410 0 0 0 1 1
1415 0 0 0 1 1
1420 0 0 0 1 1
1425 0 0 0 1 1
1430 0 0 0 1 1
1435 0 0 0 1 1
1440 0 0 0 1 1
1445 0 0 0 1 1
1450 0 0 0 1 1
1455 0 0 0 1 1
1460 0 0 0 1 1
1465 0 0 0 1 1
1470 0 0 0 1 1
1475 0 0 0 1 1
1480 0 0 0 1 1
1485 0 0 0 1 1
1490 0 0 0 1 1
1495 0 0 0 1 1
1500 0 0 0 1 1
1505 0 0 0 1 1
1510 0 0 0 1 1
1515 0 0 0 1 1
1520 0 0 0 1 1
1525 0 0 0 1 1
1530 0 0 0 1 1
1535 0 0 0 1 1
1540 0 0 0 1 1
1545 0 0 0 1 1
1550 0 0 0 1 1
1555 0 0 0 1 1
1560 0 0 0 1 1
1565 0 0 0 1 1
1570 0 0 0 1 1
1575 0 0 0 1 1
1580 0 0 0 1 1
1585 0 0 0 1 1
1590 0 0 1 0 3
1595 0 0 1 0 3
1600 0 0 1 0 3
1605 0 0 1 0 3
1610 0 0 1 0 3
1615 0 0 1 0 3
1620 0 0 1 0 3
1625 0 0 1 0 3
1630 0 0 1 0 3
1635 0 0 1 0 3
1640 0 0 1 0 3
1645 0 0 1 0 3
1650 0 0 1 0 4
1655 0 0 1 0 4
1660 0 0 0 0 0
1665 0 0 0 0 0
1670 0 0 0 0 0
1675 0 0 0 0 0
1680 0 0 0 0 0
1685 0 0 0 0 0
1690 0 0 0 0 0
1695 0 0 0 0 0
1700 0 0 0 0 0
1705 0 0 0 1 1
1710 0 0 0 1 1
1715 0 0 0 1 1
1720 0 0 0 1 1
1725 0 0 0 1 1
1730 0 0 0 1 1
1735 0 0 0 1 1
1740 0 0 0 1 1
1745 0 0 0 1 1
1750 0 0 0 1 1
1755 0 0 0 1 1
1760 0 0 0 1 1
1765 0 0 0 1 1
1770 0 0 0 1 1
1775 0 0 0 1 1
1780 0 0 0 1 1
1785 0 0 0 1 1
1790 0 0 0 1 1
1795 0 0 0 1 1
1800 0 0 0 1 1
1805 0 0 0 1 1
1810 0 0 0 1 1
1815 0 0 0 1 1
1820 0 0 0 1 1
1825 0 0 0 1 1
1830 0 1 0 0 1
1835 0 1 0 0 1
1840 0 1 0 0 1
1845 0 1 0 0 1
1850 0 1 0 0 1
1855 0 1 0 0 1
1860 0 1 0 0 1
1865 0 1 0 0 1
1870 0 1 0 0 1
1875 0 1 0 0 1
1880 0 1 0 0 1
1885 0 0 0 1 1
1890 0 0 0 1 1
1895 0 0 0 1 1
1900 0 0 0 1 1
1905 0 0 0 1 1
1910 0 0 0 1 1
1915 0 0 0 1 1
1920 0 0 0 1 1
1925 0 0 0 1 1
1930 0 1 1 0 2
1935 0 1 1 0 2
1940 0 1 1 0 2
1945 0 1 1 0 2
1950 0 1 1 0 2
1955 0 1 1 0 2
1960 0 1 1 0 2
1965 0 1 1 0 2
1970 0 1 1 0 2
1975 0 1 1 0 2
1980 0 1 1 0 2
1985 0 1 1 0 2
1990 0 1 1 0 2
1995 0 1 1 0 2
2000 0 1 1 0 2
2005 0 1 1 0 2
2010 0 0 1 0 3
2015 0 0 1 0 3
2020 0 0 1 0 3
2025 0 0 1 0 3
2030 0 0 1 0 3
2035 0 0 1 0 3
2040 0 0 1 0 3
2045 0 0 1 0 3
2050 0 0 1 0 3
2055 0 0 1 0 3
2060 0 0 1 0 3
2065 0 0 1 0 3
2070 0 0 1 0 3
2075 0 0 1 0 3
2080 0 0 1 0 3
2085 0 0 1 0 3
2090 0 0 1 0 3
2095 0 0 1 0 3
2100 0 0 1 0 3
2105 0 0 1 0 3
2110 0 0 1 0 3
2115 0 0 1 0 3
2120 0 0 1 0 4
2125 0 0 1 0 4
2130 0 0 1 0 4
2135 0 0 1 0 4
2140 0 0 1 0 4
2145 0 0 1 0 4
2150 0 0 1 0 4
2155 0 0 1 0 4
2160 0 0 0 0 0
2165 0 0 0 0 0
2170 0 0 0 0 0
2175 0 0 0 0 0
2180 0 0 0 0 0
2185 0 0 0 0 0
2190 0 0 0 0 0
2195 0 0 0 0 0
2200 0 0 0 0 0
2205 0 0 0 0 0
2210 0 0 0 1 1
2215 0 0 0 1 1
2220 0 0 0 1 1
2225 0 0 0 1 1
2230 0 0 0 1 1
2235 0 0 0 1 1
2240 0 0 0 1 1
2245 0 0 0 1 1
2250 0 0 0 1 1
2255 0 0 0 1 1
2260 0 0 0 1 1
2265 0 0 0 1 1
2270 0 0 0 1 1
2275 0 0 0 1 1
2280 0 0 0 1 1
2285 0 0 0 1 1
2290 0 0 0 1 1
2295 0 0 0 1 1
2300 0 0 0 1 1
2305 0 1 1 0 2
2310 0 1 1 0 2
2315 0 1 1 0 2
2320 0 0 1 0 3
2325 0 0 1 0 3
2330 0 0 1 0 3
2335 0 0 1 0 3
2340 0 0 1 0 3
2345 0 0 1 0 3
2350 0 0 1 0 3
2355 0 0 1 0 3
2360 0 0 1 0 3
2365 0 0 1 0 3
2370 0 0 1 0 3
2375 0 0 1 0 3
2380 0 0 1 0 3
2385 0 0 1 0 3
2390 0 0 1 0 3
2395 0 0 1 0 3
2400 0 0 1 0 3
2405 0 0 1 0 3
2410 0 0 1 0 3
2415 0 0 1 0 3
2420 0 0 1 0 3
2425 0 0 1 0 3
2430 0 0 1 0 3
2435 0 0 1 0 3
2440 0 0 1 0 3
2445 0 0 1 0 3
2450 0 0 1 0 4
2455 0 0 1 0 4
2460 0 0 1 0 4
2465 0 0 1 0 4
2470 0 0 1 0 4
2475 0 0 1 0 4
2480 0 0 1 0 4
2485 0 0 1 0 4
2490 0 0 1 0 4
2495 0 0 1 0 4
2500 0 0 1 0 4
2505 0 0 0 0 0
2510 0 0 0 0 0
2515 0 0 0 0 0
2520 0 0 0 0 0
2525 0 0 0 0 0
2530 0 0 0 0 0
2535 0 0 0 1 1
2540 0 0 0 1 1
2545 0 0 0 1 1
2550 0 0 1 0 3
2555 0 0 1 0 3
2560 0 0 1 0 3
2565 0 0 1 0 3
2570 0 0 1 0 3
2575 0 0 1 0 3
2580 0 0 1 0 3
2585 0 0 1 0 3
2590 0 0 1 0 3
2595 0 0 1 0 3
2600 0 0 1 0 3
2605 0 0 1 0 3
2610 0 0 1 0 3
2615 0 0 1 0 3
2620 0 0 1 0 3
2625 0 0 1 0 3
2630 0 0 1 0 3
2635 0 0 1 0 3
2640 0 0 1 0 3
2645 0 0 1 0 3
2650 0 0 1 0 3
2655 0 0 1 0 3
2660 0 0 1 0 3
2665 0 0 1 0 3
2670 0 0 1 0 3
2675 0 0 1 0 3
2680 0 0 1 0 3
2685 0 0 1 0 3
2690 0 0 1 0 3
2695 0 0 1 0 3
2700 0 0 1 0 3
2705 0 0 1 0 3
2710 0 0 1 0 3
2715 0 0 1 0 3
2720 0 0 1 0 4
2725 0 0 1 0 4
2730 0 0 1 0 4
2735 0 0 1 0 4
2740 0 0 1 0 4
2745 0 0 1 0 4
2750 0 0 1 0 4
2755 0 0 1 0 4
2760 0 0 0 0 0
2765 0 0 0 0 0
2770 0 0 0 0 0
2775 0 0 0 0 0
2780 0 0 0 0 0
2785 0 0 0 0 0
2790 0 0 0 0 0
2795 0 0 0 0 0
2800 0 0 0 0 0
2805 0 0 0 0 0
2810 0 0 0 0 0
2815 0 0 0 0 0
2820 0 0 0 0 0
2825 0 0 0 0 0
2830 0 0 0 0 0
2835 0 0 0 0 0
2840 0 0 0 0 0
2845 0 0 0 0 0
2850 0 0 0 0 0
2855 0 0 0 0 0
2860 0 0 0 0 0
2865 0 0 0 0 0
2870 0 0 0 0 0
2875 0 0 0 0 0
2880 0 0 0 0 0
2885 0 0 0 0 0
2890 0 0 0 0 0
