0 0 0 0 0 0
5 0 0 0 0 0
10 0 0 0 0 0
15 0 0 0 0 0
20 0 0 0 0 0
25 0 0 0 0 0
30 0 0 0 0 0
35 0 0 0 0 0
40 0 0 0 0 0
45 0 0 0 0 0
50 0 0 0 0 0
55 0 0 0 0 0
60 0 0 0 0 0
65 0 1 0 0 1
70 0 1 0 0 1
75 0 1 0 0 1
80 0 1 0 0 1
85 0 1 0 0 1
90 1 0 0 1 2
95 1 0 0 1 2
100 1 0 0 1 2
105 1 0 0 1 2
110 1 0 0 1 2
115 1 0 0 1 2
120 1 0 0 1 2
125 1 0 0 1 2
130 1 0 0 1 2
135 1 0 0 1 2
140 1 0 0 1 2
145 1 0 0 1 2
150 1 0 0 1 2
155 1 0 0 1 2
160 1 0 0 0 2
165 1 0 0 0 2
170 1 0 0 0 2
175 1 0 0 0 2
180 1 0 0 0 2
185 1 0 0 0 2
190 1 0 0 0 2
195 1 0 0 0 2
200 1 0 0 0 2
205 1 0 0 0 2
210 1 0 0 0 2
215 1 0 0 0 2
220 1 0 0 0 2
225 1 0 0 0 2
230 1 0 0 0 2
235 1 0 0 0 2
240 1 0 0 0 2
245 1 0 0 0 2
250 1 0 0 0 2
255 1 0 0 0 2
260 1 0 0 0 2
265 1 0 0 0 2
270 1 0 0 1 2
275 1 0 0 1 2
280 1 0 0 1 2
285 1 0 0 1 2
290 1 0 0 0 3
295 1 0 0 0 3
300 1 0 0 0 3
305 1 0 0 0 3
310 1 0 0 0 3
315 1 0 0 0 3
320 1 0 0 0 3
325 1 0 0 0 3
330 1 0 0 0 3
335 1 0 0 0 3
340 1 0 0 0 3
345 1 0 0 0 3
350 1 0 0 0 3
355 1 0 0 0 3
360 1 0 0 0 3
365 1 0 0 0 3
370 1 0 0 0 3
375 1 0 0 0 3
380 1 0 0 0 3
385 1 0 0 0 3
390 1 0 0 0 3
395 1 0 0 0 3
400 1 0 0 0 3
405 1 0 0 0 3
410 1 0 0 0 3
415 1 0 0 0 4
420 1 0 0 0 4
425 1 0 0 0 4
430 1 0 0 0 4
435 1 0 0 0 4
440 1 0 0 0 4
445 1 0 0 0 4
450 1 0 0 0 4
455 1 0 0 0 4
460 1 0 0 0 4
465 1 0 0 0 4
470 1 0 0 0 4
475 0 0 0 0 0
480 0 0 0 0 0
485 0 0 0 0 0
490 0 0 0 0 0
495 0 0 0 0 0
500 0 0 0 0 0
505 0 0 0 0 0
510 0 0 0 0 0
515 0 0 0 1 1
520 0 0 0 1 1
525 0 0 0 1 1
530 0 0 0 1 1
535 0 0 0 1 1
540 0 0 0 1 1
545 0 1 1 0 2
550 0 1 1 0 2
555 0 1 1 0 2
560 0 1 1 0 2
565 0 1 1 0 2
570 0 1 1 0 2
575 0 1 1 0 2
580 0 1 1 0 2
585 0 1 1 0 2
590 0 1 1 0 2
595 0 1 1 0 2
600 0 1 1 0 2
605 0 1 1 0 2
610 0 1 1 0 2
615 0 1 1 0 2
620 0 0 1 0 3
625 0 0 1 0 3
630 0 0 1 0 3
635 0 0 1 0 3
640 0 0 1 0 3
645 0 0 1 0 3
650 0 0 1 0 3
655 0 0 1 0 3
660 0 0 1 0 3
665 0 0 1 0 3
670 0 0 1 0 3
675 0 0 1 0 3
680 0 0 1 0 3
685 0 0 1 0 3
690 0 0 1 0 3
695 0 0 1 0 3
700 0 0 1 0 3
705 0 0 1 0 3
710 0 0 1 0 3
715 0 0 1 0 3
720 0 0 1 0 3
725 0 0 1 0 3
730 0 0 1 0 3
735 0 0 1 0 3
740 0 0 1 0 3
745 0 0 1 0 3
750 0 0 1 0 4
755 0 0 1 0 4
760 0 0 1 0 4
765 0 0 1 0 4
770 0 0 1 0 4
775 0 0 1 0 4
780 0 0 1 0 4
785 0 0 1 0 4
790 0 0 1 0 4
795 0 0 1 0 4
800 0 0 0 0 0
805 0 0 0 0 0
810 0 0 0 0 0
815 0 0 0 0 0
820 0 0 0 0 0
825 0 0 0 0 0
830 0 0 0 0 0
835 0 0 0 0 0
840 0 0 0 0 0
845 0 0 0 0 0
850 0 0 0 0 0
855 0 0 0 0 0
860 0 0 0 0 0
865 0 0 0 0 0
870 0 0 0 0 0
875 0 0 0 0 0
880 0 0 0 0 0
885 0 0 0 0 0
890 0 0 0 0 0
895 0 0 0 0 0
900 0 1 0 0 1
905 0 1 0 0 1
910 0 1 0 0 1
915 0 1 0 0 1
920 0 1 0 0 1
925 0 1 0 0 1
930 0 1 0 0 1
935 0 1 0 0 1
940 0 1 0 0 1
945 0 1 0 0 1
950 0 1 0 0 1
955 1 0 0 0 3
960 1 0 0 0 3
965 1 0 0 0 3
970 1 0 0 0 3
975 1 0 0 0 3
980 1 0 0 0 3
985 1 0 0 0 4
990 1 0 0 0 4
995 1 0 0 0 4
1000 1 0 0 0 4
1005 1 0 0 0 4
1010 0 0 0 0 0
1015 0 0 0 0 0
1020 0 0 0 0 0
1025 0 0 0 0 0
1030 0 1 0 0 1
1035 0 1 0 0 1
1040 0 1 0 0 1
1045 0 1 0 0 1
1050 0 1 0 0 1
1055 0 1 0 0 1
1060 0 1 0 0 1
1065 1 0 0 1 2
1070 1 0 0 1 2
1075 1 0 0 1 2
1080 1 0 0 1 2
1085 1 0 0 1 2
1090 1 0 0 1 2
1095 1 0 0 1 2
1100 1 0 0 1 2
1105 1 0 0 1 2
1110 1 0 0 1 2
1115 1 0 0 1 2
1120 1 0 0 0 3
1125 1 0 0 0 3
1130 1 0 0 0 3
1135 1 0 0 0 3
1140 1 0 0 0 3
1145 1 0 0 0 3
1150 1 0 0 0 3
1155 1 0 0 0 3
1160 1 0 0 0 4
1165 1 0 0 0 4
1170 1 0 0 0 4
1175 1 0 0 0 4
1180 0 0 0 0 0
1185 0 0 0 0 0
1190 0 1 0 0 1
1195 0 1 0 0 1
1200 0 1 0 0 1
1205 0 1 0 0 1
1210 0 1 0 0 1
1215 1 0 0 1 2
1220 1 0 0 1 2
1225 1 0 0 1 2
1230 1 0 0 1 2
1235 1 0 0 1 2
1240 1 0 0 1 2
1245 1 0 0 1 2
1250 1 0 0 1 2
1255 1 0 0 1 2
1260 1 0 0 1 2
1265 1 0 0 1 2
1270 1 0 0 1 2
1275 1 0 0 1 2
1280 1 0 0 1 2
1285 1 0 0 1 2
1290 1 0 0 1 2
1295 1 0 0 1 2
1300 1 0 0 1 2
1305 1 0 0 1 2
1310 1 0 0 1 2
1315 1 0 0 1 2
1320 1 0 0 1 2
1325 1 0 0 1 2
1330 1 0 0 1 2
1335 1 0 0 1 2
1340 1 0 0 1 2
1345 1 0 0 1 2
1350 1 0 0 1 2
1355 1 0 0 0 3
1360 1 0 0 0 3
1365 1 0 0 0 3
1370 1 0 0 0 3
1375 1 0 0 0 3
1380 1 0 0 0 3
1385 1 0 0 0 3
1390 1 0 0 0 3
1395 1 0 0 0 3
1400 1 0 0 0 3
1405 1 0 0 0 3
1410 1 0 0 0 4
1415 1 0 0 0 4
1420 1 0 0 0 4
1425 0 0 0 0 0
1430 0 0 0 0 0
1435 0 0 0 0 0
1440 0 0 0 0 0
1445 0 0 0 0 0
1450 0 0 0 0 0
1455 0 0 0 0 0
1460 0 0 0 0 0
1465 0 0 0 0 0
1470 0 1 0 0 1
1475 0 1 0 0 1
1480 0 1 0 0 1
1485 1 0 0 0 3
1490 1 0 0 0 3
1495 1 0 0 0 3
1500 1 0 0 0 3
1505 1 0 0 0 3
1510 1 0 0 0 3
1515 1 0 0 0 3
1520 1 0 0 0 3
1525 1 0 0 0 3
1530 1 0 0 0 3
1535 1 0 0 0 3
1540 1 0 0 0 3
1545 1 0 0 0 3
1550 1 0 0 0 3
1555 1 0 0 0 3
1560 1 0 0 0 4
1565 1 0 0 0 4
1570 1 0 0 0 4
1575 1 0 0 0 4
1580 0 0 0 0 0
1585 0 0 0 0 0
1590 0 0 0 0 0
1595 0 0 0 0 0
1600 0 0 0 0 0
1605 0 0 0 0 0
1610 0 0 0 0 0
1615 0 0 0 0 0
1620 0 0 0 0 0
1625 0 0 0 0 0
1630 0 0 0 0 1
1635 0 0 0 0 1
1640 0 0 0 0 1
1645 0 0 0 0 1
1650 0 0 0 0 1
1655 0 0 0 0 1
1660 0 0 0 0 1
1665 0 0 0 0 1
1670 0 0 0 0 1
1675 0 0 0 0 1
1680 0 0 0 0 1
1685 1 0 0 0 3
1690 1 0 0 0 3
1695 1 0 0 0 3
1700 1 0 0 0 3
1705 1 0 0 0 3
1710 1 0 0 0 3
1715 1 0 0 0 4
1720 1 0 0 0 4
1725 1 0 0 0 4
1730 1 0 0 0 4
1735 1 0 0 0 4
1740 1 0 0 0 4
1745 1 0 0 0 4
1750 0 0 0 0 0
1755 0 0 0 0 0
1760 0 0 0 0 0
1765 0 0 0 0 0
1770 0 0 0 0 0
1775 0 0 0 0 0
1780 0 0 0 0 0
1785 0 0 0 0 0
1790 0 0 0 0 0
1795 0 0 0 0 0
1800 0 0 0 0 0
1805 0 0 0 0 0
1810 0 0 0 0 0
1815 0 0 0 0 0
1820 0 0 0 0 0
1825 0 0 0 0 0
1830 0 0 0 0 0
1835 0 0 0 0 0
1840 0 0 0 0 0
1845 0 0 0 0 0
1850 0 0 0 0 0
1855 0 0 0 0 0
