0 0 0 0 0 0
5 0 0 0 0 0
10 0 0 0 0 0
15 0 0 0 0 0
20 0 0 0 0 0
25 0 0 0 0 0
30 0 0 0 0 0
35 0 0 0 0 0
40 0 0 0 0 0
45 0 0 0 0 0
50 0 0 0 0 0
55 0 0 0 0 0
60 0 0 0 0 0
65 0 0 0 0 0
70 0 0 0 0 0
75 0 0 0 0 0
80 0 0 0 0 0
85 0 0 0 0 0
90 0 0 0 0 0
95 0 0 0 0 0
100 0 0 0 0 0
105 0 0 0 0 0
110 0 0 0 0 0
115 0 0 0 0 0
120 0 0 0 0 1
125 0 0 0 0 1
130 0 0 0 1 1
135 0 0 0 1 1
140 0 0 0 1 1
145 0 0 0 1 1
150 0 0 0 1 1
155 0 0 0 1 1
160 0 0 0 1 1
165 0 0 0 1 1
170 0 0 1 0 2
175 0 0 1 0 2
180 0 0 1 0 2
185 0 0 1 0 2
190 0 0 1 0 2
195 0 0 1 0 2
200 0 0 1 0 2
205 0 0 1 0 2
210 0 0 1 0 2
215 0 0 1 0 2
220 0 0 1 0 2
225 0 0 1 0 3
230 0 0 1 0 3
235 0 0 1 0 3
240 0 0 1 0 3
245 0 0 1 0 3
250 0 0 1 0 3
255 0 0 1 0 3
260 0 0 1 0 3
265 0 0 1 0 3
270 0 0 1 0 3
275 0 0 1 0 3
280 0 0 1 0 3
285 0 0 1 0 4
290 0 0 1 0 4
295 0 0 1 0 4
300 0 0 1 0 4
305 0 0 0 0 0
310 0 0 0 0 0
315 0 0 0 0 0
320 0 0 0 0 0
325 0 0 0 1 1
330 0 0 0 1 1
335 0 0 0 1 1
340 0 0 0 1 1
345 0 0 0 1 1
350 0 0 0 1 1
355 0 0 0 1 1
360 0 0 0 1 1
365 0 0 0 1 1
370 0 0 0 1 1
375 0 0 0 1 1
380 0 0 0 1 1
385 0 0 1 0 2
390 0 0 1 0 2
395 0 0 1 0 2
400 0 0 1 0 2
405 0 0 1 0 2
410 0 0 1 0 2
415 0 0 1 0 2
420 0 1 1 0 2
425 0 1 1 0 2
430 0 1 1 0 2
435 0 1 1 0 2
440 0 1 1 0 2
445 0 1 1 0 2
450 0 1 1 0 2
455 0 1 1 0 2
460 0 1 1 0 2
465 0 1 1 0 2
470 0 1 1 0 2
475 0 1 1 0 2
480 0 1 1 0 2
485 0 1 1 0 2
490 0 1 1 0 2
495 0 1 1 0 2
500 0 1 1 0 2
505 0 1 1 0 2
510 0 1 1 0 2
515 0 0 1 0 3
520 0 0 1 0 3
525 0 0 1 0 3
530 0 0 1 0 3
535 0 0 1 0 3
540 0 0 1 0 4
545 0 0 1 0 4
550 0 0 1 0 4
555 0 0 0 0 0
560 0 0 0 0 0
565 0 0 0 0 0
570 0 0 0 0 0
575 0 0 0 0 0
580 0 0 0 0 0
585 0 0 0 1 1
590 0 0 0 1 1
595 0 0 0 1 1
600 0 0 0 1 1
605 0 0 0 1 1
610 0 1 1 0 2
615 0 1 1 0 2
620 0 1 1 0 2
625 0 0 1 0 3
630 0 0 1 0 3
635 0 0 1 0 3
640 0 0 1 0 3
645 0 0 1 0 3
650 0 0 1 0 3
655 0 0 1 0 3
660 0 0 1 0 3
665 0 0 1 0 3
670 0 0 1 0 3
675 0 0 1 0 3
680 0 0 1 0 4
685 0 0 1 0 4
690 0 0 1 0 4
695 0 0 1 0 4
700 0 0 1 0 4
705 0 0 1 0 4
710 0 0 1 0 4
715 0 0 1 0 4
720 0 0 1 0 4
725 0 0 1 0 4
730 0 0 1 0 4
735 0 0 1 0 4
740 0 0 1 0 4
745 0 0 1 0 4
750 0 0 1 0 4
755 0 0 0 0 0
760 0 0 0 0 0
765 0 0 0 0 0
770 0 0 0 0 0
775 0 0 0 0 0
780 0 0 0 0 0
785 0 0 0 0 0
790 0 0 0 0 0
795 0 0 0 0 0
800 0 0 0 0 0
805 0 0 0 1 1
810 0 0 0 1 1
815 0 0 0 1 1
820 0 0 0 1 1
825 0 0 0 1 1
830 0 0 0 1 1
835 0 0 0 1 1
840 0 0 0 1 1
845 0 0 0 1 1
850 0 0 0 1 1
855 0 0 0 1 1
860 0 0 0 1 1
865 0 0 1 0 2
870 0 0 1 0 2
875 0 0 1 0 2
880 0 1 1 0 2
885 0 1 1 0 2
890 0 1 1 0 2
895 0 1 1 0 2
900 0 1 1 0 2
905 0 0 1 0 3
910 0 0 1 0 3
915 0 0 1 0 3
920 0 0 1 0 3
925 0 0 1 0 3
930 0 0 1 0 3
935 0 0 1 0 3
940 0 0 1 0 3
945 0 0 1 0 4
950 0 0 1 0 4
955 0 0 1 0 4
960 0 0 1 0 4
965 0 0 1 0 4
970 0 0 1 0 4
975 0 0 1 0 4
980 0 0 1 0 4
985 0 0 1 0 4
990 0 0 0 0 0
995 0 0 0 0 0
1000 0 0 0 0 0
1005 0 0 0 0 0
1010 0 0 0 0 0
1015 0 0 0 0 0
1020 0 0 0 1 1
1025 0 0 0 1 1
1030 0 0 0 1 1
1035 0 0 0 1 1
1040 0 0 0 1 1
1045 0 0 0 1 1
1050 0 0 0 1 1
1055 0 0 0 1 1
1060 0 0 0 1 1
1065 0 0 0 1 1
1070 0 0 0 1 1
1075 0 0 0 1 1
1080 0 0 0 1 1
1085 0 0 0 1 1
1090 0 0 0 1 1
1095 0 0 0 1 1
1100 0 0 0 1 1
1105 0 0 0 1 1
1110 0 0 0 1 1
1115 0 0 0 1 1
1120 0 0 0 1 1
1125 0 0 0 1 1
1130 0 0 0 1 1
1135 0 0 0 1 1
1140 0 0 0 1 1
1145 0 0 0 1 1
1150 0 0 0 1 1
1155 0 0 0 1 1
1160 0 0 1 0 3
1165 0 0 1 0 3
1170 0 0 1 0 3
1175 0 0 1 0 3
1180 0 0 1 0 3
1185 0 0 1 0 3
1190 0 0 1 0 3
1195 0 0 1 0 3
1200 0 0 1 0 3
1205 0 0 1 0 3
1210 0 0 1 0 3
1215 0 0 1 0 3
1220 0 0 1 0 3
1225 0 0 1 0 3
1230 0 0 1 0 3
1235 0 0 1 0 4
1240 0 0 1 0 4
1245 0 0 1 0 4
1250 0 0 1 0 4
1255 0 0 1 0 4
1260 0 0 1 0 4
1265 0 0 1 0 4
1270 0 0 0 0 0
1275 0 0 0 0 0
1280 0 0 0 0 0
1285 0 0 0 0 0
1290 0 0 0 1 1
1295 0 0 0 1 1
1300 0 0 0 1 1
1305 0 0 0 1 1
1310 0 0 0 1 1
1315 0 0 0 1 1
1320 0 0 0 1 1
1325 0 0 0 1 1
1330 0 0 0 1 1
1335 0 0 0 1 1
1340 0 0 0 1 1
1345 0 0 0 1 1
1350 0 0 0 1 1
1355 0 0 0 1 1
1360 0 0 0 1 1
1365 0 0 0 1 1
1370 0 1 1 0 2
1375 0 1 1 0 2
1380 0 1 1 0 2
1385 0 1 1 0 2
1390 0 1 1 0 2
1395 0 1 1 0 2
1400 0 1 1 0 2
1405 0 1 1 0 2
1410 0 1 1 0 2
1415 0 0 1 0 3
1420 0 0 1 0 3
1425 0 0 1 0 3
1430 0 0 1 0 3
1435 0 0 1 0 3
1440 0 0 1 0 3
1445 0 0 1 0 3
1450 0 0 1 0 3
1455 0 0 1 0 3
1460 0 0 1 0 3
1465 0 0 1 0 3
1470 0 0 1 0 3
1475 0 0 1 0 3
1480 0 0 1 0 3
1485 0 0 1 0 3
1490 0 0 1 0 3
1495 0 0 1 0 3
1500 0 0 1 0 3
1505 0 0 1 0 3
1510 0 0 1 0 4
1515 0 0 1 0 4
1520 0 0 0 0 0
1525 0 0 0 0 0
1530 0 0 0 0 0
1535 0 0 0 1 1
1540 0 0 0 1 1
1545 0 0 0 1 1
1550 0 0 0 1 1
1555 0 0 0 1 1
1560 0 0 0 1 1
1565 0 0 0 1 1
1570 0 0 0 1 1
1575 0 0 0 1 1
1580 0 1 1 0 2
1585 0 1 1 0 2
1590 0 1 1 0 2
1595 0 1 1 0 2
1600 0 1 1 0 2
1605 0 1 1 0 2
1610 0 1 1 0 2
1615 0 1 1 0 2
1620 0 0 1 0 3
1625 0 0 1 0 3
1630 0 0 1 0 3
1635 0 0 1 0 3
1640 0 0 1 0 3
1645 0 0 1 0 3
1650 0 0 1 0 3
1655 0 0 1 0 3
1660 0 0 1 0 3
1665 0 0 1 0 3
1670 0 0 1 0 3
1675 0 0 1 0 3
1680 0 0 1 0 3
1685 0 0 1 0 3
1690 0 0 1 0 3
1695 0 0 1 0 3
1700 0 0 1 0 3
1705 0 0 1 0 3
1710 0 0 1 0 3
1715 0 0 1 0 3
1720 0 0 1 0 3
1725 0 0 1 0 3
1730 0 0 1 0 3
1735 0 0 1 0 3
1740 0 0 1 0 3
1745 0 0 1 0 3
1750 0 0 1 0 3
1755 0 0 1 0 4
1760 0 0 1 0 4
1765 0 0 1 0 4
1770 0 0 1 0 4
1775 0 0 1 0 4
1780 0 0 1 0 4
1785 0 0 1 0 4
1790 0 0 1 0 4
1795 0 0 1 0 4
1800 0 0 1 0 4
1805 0 0 1 0 4
1810 0 0 1 0 4
1815 0 0 1 0 4
1820 0 0 1 0 4
1825 0 0 1 0 4
1830 0 0 1 0 4
1835 0 0 0 0 0
1840 0 0 0 0 0
1845 0 0 0 0 0
1850 0 0 0 0 0
1855 0 0 0 0 0
1860 0 0 0 0 0
1865 0 0 0 0 0
1870 0 0 0 0 0
1875 0 0 0 0 0
1880 0 0 0 0 0
1885 0 0 0 0 0
1890 0 0 0 0 0
1895 0 0 0 0 0
1900 0 0 0 0 0
1905 0 0 0 0 0
