0 0 0 0 0 0
5 0 0 0 0 0
10 0 0 0 0 0
15 0 0 0 0 0
20 0 0 0 0 0
25 0 0 0 0 0
30 0 0 0 0 0
35 0 0 0 0 0
40 0 0 0 0 0
45 0 0 0 1 1
50 0 0 0 1 1
55 0 0 0 1 1
60 0 0 0 1 1
65 0 0 0 0 0
70 0 0 0 0 0
75 0 0 0 0 0
80 0 0 0 1 1
85 0 0 0 1 1
90 0 0 0 1 1
95 0 0 0 1 1
100 0 0 0 1 1
105 0 0 0 1 1
110 0 1 1 0 2
115 0 1 1 0 2
120 0 1 1 0 2
125 0 1 1 0 2
130 0 1 1 0 2
135 0 1 1 0 2
140 0 1 1 0 2
145 0 1 1 0 2
150 0 1 1 0 2
155 0 1 1 0 2
160 0 1 1 0 2
165 0 1 1 0 2
170 0 1 1 0 2
175 0 1 1 0 2
180 0 1 1 0 2
185 0 1 1 0 2
190 0 1 1 0 2
195 0 1 1 0 2
200 0 1 1 0 2
205 0 1 1 0 2
210 0 1 1 0 2
215 0 1 1 0 2
220 0 1 1 0 2
225 0 1 1 0 2
230 0 1 1 0 2
235 0 1 1 0 2
240 0 0 1 0 3
245 0 0 1 0 3
250 0 0 1 0 3
255 0 0 1 0 4
260 0 0 1 0 4
265 0 0 1 0 4
270 0 0 1 0 4
275 0 0 1 0 4
280 0 0 1 0 4
285 0 0 1 0 4
290 0 0 1 0 4
295 0 0 1 0 4
300 0 0 1 0 4
305 0 0 1 0 4
310 0 0 1 0 4
315 0 0 1 0 4
320 0 0 1 0 4
325 0 0 1 0 4
330 0 0 1 0 4
335 0 0 1 0 4
340 0 0 1 0 4
345 0 0 1 0 4
350 0 0 1 0 4
355 0 0 1 0 4
360 0 0 1 0 4
365 0 0 1 0 4
370 0 0 1 0 4
375 0 0 1 0 4
380 0 0 1 0 4
385 0 0 0 0 0
390 0 0 0 0 0
395 0 0 0 0 0
400 0 0 0 0 0
405 0 0 0 0 0
410 0 0 0 0 0
415 0 0 0 0 1
420 0 0 0 1 1
425 0 0 0 1 1
430 0 0 0 1 1
435 0 0 0 1 1
440 0 0 0 1 1
445 0 0 0 1 1
450 0 0 0 1 1
455 0 0 0 1 1
460 0 0 0 1 1
465 0 0 0 1 1
470 0 0 1 0 3
475 0 0 1 0 3
480 0 0 1 0 3
485 0 0 1 0 3
490 0 0 1 0 3
495 0 0 1 0 3
500 0 0 1 0 3
505 0 0 1 0 3
510 0 0 1 0 3
515 0 0 1 0 3
520 0 0 1 0 3
525 0 0 1 0 3
530 0 0 1 0 3
535 0 0 1 0 3
540 0 0 1 0 4
545 0 0 1 0 4
550 0 0 1 0 4
555 0 0 1 0 4
560 0 0 1 0 4
565 0 0 0 0 0
570 0 0 0 0 0
575 0 0 0 0 0
580 0 0 0 1 1
585 0 0 0 1 1
590 0 0 0 1 1
595 0 0 0 1 1
600 0 0 0 1 1
605 0 0 0 1 1
610 0 0 1 0 3
615 0 0 1 0 3
620 0 0 1 0 3
625 0 0 1 0 3
630 0 0 1 0 3
635 0 0 1 0 4
640 0 0 1 0 4
645 0 0 1 0 4
650 0 0 1 0 4
655 0 0 1 0 4
660 0 0 0 0 0
665 0 0 0 0 0
670 0 0 0 0 0
675 0 0 0 0 0
680 0 0 0 0 0
685 0 0 0 0 0
690 0 0 0 0 0
695 0 0 0 0 0
700 0 0 0 1 1
705 0 0 0 1 1
710 0 0 0 1 1
715 0 0 0 1 1
720 0 0 0 1 1
725 0 0 0 1 1
730 0 1 1 0 2
735 0 1 1 0 2
740 0 1 1 0 2
745 0 1 1 0 2
750 0 1 1 0 2
755 0 1 1 0 2
760 0 0 1 0 3
765 0 0 1 0 3
770 0 0 1 0 3
775 0 0 1 0 3
780 0 0 1 0 3
785 0 0 1 0 4
790 0 0 1 0 4
795 0 0 1 0 4
800 0 0 1 0 4
805 0 0 1 0 4
810 0 0 1 0 4
815 0 0 1 0 4
820 0 0 1 0 4
825 0 0 1 0 4
830 0 0 1 0 4
835 0 0 1 0 4
840 0 0 1 0 4
845 0 0 1 0 4
850 0 0 1 0 4
855 0 0 1 0 4
860 0 0 1 0 4
865 0 0 0 0 0
870 0 0 0 0 0
875 0 0 0 0 0
880 0 0 0 0 0
885 0 0 0 1 1
890 0 0 0 1 1
895 0 0 0 1 1
900 0 0 0 1 1
905 0 0 0 1 1
910 0 0 0 1 1
915 0 0 0 1 1
920 0 0 0 1 1
925 0 0 0 1 1
930 0 1 1 0 2
935 0 1 1 0 2
940 0 1 1 0 2
945 0 1 1 0 2
950 0 1 1 0 2
955 0 1 1 0 2
960 0 1 1 0 2
965 0 0 1 0 3
970 0 0 1 0 3
975 0 0 1 0 3
980 0 0 1 0 3
985 0 0 1 0 3
990 0 0 1 0 3
995 0 0 1 0 3
1000 0 0 1 0 3
1005 0 0 1 0 3
1010 0 0 1 0 3
1015 0 0 1 0 4
1020 0 0 1 0 4
1025 0 0 1 0 4
1030 0 0 1 0 4
1035 0 0 1 0 4
1040 0 0 1 0 4
1045 0 0 1 0 4
1050 0 0 1 0 4
1055 0 0 1 0 4
1060 0 0 1 0 4
1065 0 0 1 0 4
1070 0 0 1 0 4
1075 0 0 1 0 4
1080 0 0 1 0 4
1085 0 0 1 0 4
1090 0 0 1 0 4
1095 0 0 1 0 4
1100 0 0 1 0 4
1105 0 0 1 0 4
1110 0 0 1 0 4
1115 0 0 1 0 4
1120 0 0 1 0 4
1125 0 0 1 0 4
1130 0 0 1 0 4
1135 0 1 1 0 4
1140 0 1 1 0 4
1145 0 1 1 0 4
1150 0 1 1 0 4
1155 0 1 1 0 4
1160 0 1 1 0 4
1165 0 1 1 0 4
1170 0 1 1 0 4
1175 1 0 0 0 4
1180 1 0 0 0 4
1185 0 0 0 0 0
1190 0 0 0 0 0
1195 0 0 0 0 0
1200 0 0 0 0 0
1205 0 0 0 0 0
1210 0 0 0 0 0
1215 0 0 0 0 0
1220 0 0 0 0 0
1225 0 0 0 0 0
1230 0 0 0 0 0
1235 0 0 0 0 0
1240 0 0 0 0 0
1245 0 0 0 0 0
1250 0 0 0 0 0
1255 0 0 0 0 0
1260 0 0 0 0 0
1265 0 0 0 0 0
1270 0 0 0 0 0
1275 0 0 1 0 1
1280 0 0 1 0 1
1285 0 0 1 0 3
1290 0 0 1 0 3
1295 0 0 1 0 3
1300 0 0 1 0 3
1305 0 0 1 0 3
1310 0 0 1 0 3
1315 0 0 1 0 3
1320 0 0 1 0 3
1325 0 0 1 0 3
1330 0 0 1 0 4
1335 0 0 1 0 4
1340 0 0 1 0 4
1345 0 0 1 0 4
1350 0 0 1 0 4
1355 0 0 1 0 4
1360 0 0 1 0 4
1365 0 0 1 0 4
1370 0 0 1 0 4
1375 0 0 1 0 4
1380 0 0 1 0 4
1385 0 0 1 0 4
1390 0 0 1 0 4
1395 0 0 1 0 4
1400 0 0 1 0 4
1405 0 0 0 0 0
1410 0 0 0 0 0
1415 0 0 0 0 0
1420 0 0 1 0 1
1425 0 0 1 0 1
1430 0 0 1 0 1
1435 0 0 1 0 1
1440 0 0 1 0 3
1445 0 0 1 0 3
1450 0 0 1 0 3
1455 0 0 1 0 3
1460 0 0 1 0 3
1465 0 0 1 0 3
1470 0 0 1 0 3
1475 0 0 1 0 4
1480 0 0 1 0 4
1485 0 0 1 0 4
1490 0 0 1 0 4
1495 0 0 1 0 4
1500 0 0 1 0 4
1505 0 0 1 0 4
1510 0 0 1 0 4
1515 0 0 1 0 4
1520 0 0 1 0 4
1525 0 0 1 0 4
1530 0 0 1 0 4
1535 0 0 1 0 4
1540 0 0 0 0 0
1545 0 0 0 0 0
1550 0 0 0 0 0
1555 0 0 0 0 0
1560 0 0 0 0 0
1565 0 0 0 0 0
1570 0 0 0 0 0
1575 0 0 0 0 0
1580 0 0 0 0 0
1585 0 0 0 0 0
1590 0 0 0 0 0
1595 0 0 0 0 0
1600 0 0 0 0 0
1605 0 0 0 0 0
1610 0 0 0 0 0
1615 0 0 0 0 0
