0 0 0 0 0 0
5 0 0 0 0 0
10 0 0 0 0 0
15 0 0 0 0 0
20 0 0 0 0 0
25 0 0 0 0 0
30 0 0 0 0 0
35 0 0 0 0 0
40 0 0 0 0 0
45 0 0 0 0 0
50 0 0 0 0 0
55 0 0 0 0 0
60 0 0 0 0 0
65 0 0 0 0 0
70 0 0 0 0 0
75 0 0 0 0 0
80 0 0 0 0 0
85 0 0 0 0 0
90 0 0 0 0 0
95 0 0 0 0 0
100 0 0 0 0 0
105 0 0 0 0 0
110 0 0 0 0 0
115 0 1 0 0 1
120 0 1 0 0 1
125 0 1 0 0 1
130 0 1 0 0 1
135 0 1 0 0 1
140 0 1 0 0 1
145 0 1 0 0 1
150 0 1 0 0 1
155 0 1 0 0 1
160 0 1 0 0 1
165 1 0 0 0 2
170 1 0 0 0 2
175 1 0 0 0 2
180 1 0 0 0 2
185 1 0 0 0 2
190 1 0 0 0 2
195 1 0 0 0 2
200 1 0 0 0 2
205 1 0 0 0 2
210 1 0 0 1 2
215 1 0 0 1 2
220 1 0 0 1 2
225 1 0 0 1 2
230 1 0 0 1 2
235 1 0 0 1 2
240 1 0 0 1 2
245 1 0 0 1 2
250 1 0 0 1 2
255 1 0 0 1 2
260 1 0 0 1 2
265 1 0 0 1 2
270 1 0 0 1 2
275 1 0 0 1 2
280 1 0 0 1 2
285 1 0 0 1 2
290 1 0 0 1 2
295 1 0 0 0 3
300 1 0 0 0 3
305 1 0 0 0 3
310 1 0 0 0 3
315 1 0 0 0 4
320 1 0 0 0 4
325 1 0 0 0 4
330 1 0 0 0 4
335 1 0 0 0 4
340 1 0 0 0 4
345 1 0 0 0 4
350 1 0 0 0 4
355 1 0 0 0 4
360 1 0 0 0 4
365 1 0 0 0 4
370 1 0 0 0 4
375 1 0 0 0 4
380 1 0 0 0 4
385 1 0 0 0 4
390 0 0 0 0 0
395 0 0 0 0 0
400 0 0 0 0 0
405 0 0 0 0 0
410 0 0 0 0 0
415 0 0 0 0 0
420 0 0 0 0 0
425 0 0 0 0 0
430 0 0 0 0 0
435 0 1 0 0 1
440 0 1 0 0 1
445 0 1 0 0 1
450 0 1 0 0 1
455 0 1 0 0 1
460 0 1 0 0 1
465 0 1 0 0 1
470 0 1 0 0 1
475 1 0 0 1 2
480 1 0 0 1 2
485 1 0 0 1 2
490 1 0 0 1 2
495 1 0 0 1 2
500 1 0 0 1 2
505 1 0 0 1 2
510 1 0 0 1 2
515 1 0 0 1 2
520 1 0 0 1 2
525 1 0 0 1 2
530 1 0 0 1 2
535 1 0 0 1 2
540 1 0 0 1 2
545 1 0 0 1 2
550 1 0 0 0 3
555 1 0 0 0 3
560 1 0 0 0 3
565 1 0 0 0 3
570 1 0 0 0 3
575 1 0 0 0 3
580 1 0 0 0 3
585 1 0 0 0 3
590 1 0 0 0 3
595 1 0 0 0 3
600 1 0 0 0 3
605 1 0 0 0 3
610 1 0 0 0 4
615 1 0 0 0 4
620 0 0 0 0 0
625 0 0 0 0 0
630 0 0 0 0 0
635 0 1 0 0 1
640 0 1 0 0 1
645 0 1 0 0 1
650 0 1 0 0 1
655 0 1 0 0 1
660 0 1 0 0 1
665 0 1 0 0 1
670 1 0 0 0 3
675 1 0 0 0 3
680 1 0 0 0 3
685 1 0 0 0 3
690 1 0 0 0 4
695 1 0 0 0 4
700 0 0 0 0 0
705 0 0 0 0 0
710 0 0 0 0 0
715 0 0 0 0 0
720 0 0 0 0 0
725 0 1 0 0 1
730 0 1 0 0 1
735 0 1 0 0 1
740 0 1 0 0 1
745 0 1 0 0 1
750 0 1 0 0 1
755 0 1 0 0 1
760 0 1 0 0 1
765 0 1 0 0 1
770 0 1 0 0 1
775 0 1 0 0 1
780 0 1 0 0 1
785 0 1 0 0 1
790 0 1 0 0 1
795 0 1 0 0 1
800 1 0 0 1 2
805 1 0 0 1 2
810 1 0 0 1 2
815 1 0 0 1 2
820 1 0 0 1 2
825 1 0 0 1 2
830 1 0 0 1 2
835 1 0 0 1 2
840 1 0 0 1 2
845 1 0 0 1 2
850 1 0 0 1 2
855 1 0 0 0 3
860 1 0 0 0 3
865 1 0 0 0 3
870 1 0 0 0 4
875 1 0 0 0 4
880 1 0 0 0 4
885 1 0 0 0 4
890 1 0 0 0 4
895 1 0 0 0 4
900 1 0 0 0 4
905 1 0 0 0 4
910 1 0 0 0 4
915 0 0 0 0 0
920 0 0 0 0 0
925 0 0 0 0 0
930 0 0 0 0 0
935 0 0 0 0 0
940 0 0 0 0 0
945 0 0 0 0 0
950 0 0 0 0 0
955 0 0 0 0 0
960 0 0 0 0 0
965 0 0 0 0 0
970 0 0 0 0 0
975 0 0 0 0 0
980 0 0 0 0 0
985 0 0 0 0 0
990 0 0 0 0 0
995 0 1 0 0 1
1000 0 1 0 0 1
1005 0 1 0 0 1
1010 0 1 0 0 1
1015 0 1 0 0 1
1020 0 1 0 0 1
1025 0 1 0 0 1
1030 1 0 0 0 3
1035 1 0 0 0 3
1040 1 0 0 0 3
1045 1 0 0 0 3
1050 1 0 0 0 3
1055 1 0 0 0 3
1060 1 0 0 0 3
1065 1 0 0 0 3
1070 1 0 0 0 3
1075 1 0 0 0 3
1080 1 0 0 0 4
1085 1 0 0 0 4
1090 1 0 0 0 4
1095 1 0 0 0 4
1100 1 0 0 0 4
1105 1 0 0 0 4
1110 1 0 0 0 4
1115 1 0 0 0 4
1120 1 0 0 0 4
1125 1 0 0 0 4
1130 1 0 0 0 4
1135 1 0 0 0 4
1140 1 0 0 0 4
1145 1 0 0 0 4
1150 1 0 0 0 4
1155 0 0 0 0 0
1160 0 0 0 0 0
1165 0 0 0 0 0
1170 0 0 0 0 0
1175 0 0 0 0 0
1180 0 0 0 0 0
1185 0 0 0 0 0
1190 0 0 0 0 0
1195 0 1 0 0 1
1200 0 1 0 0 1
1205 0 1 0 0 1
1210 0 1 0 0 1
1215 0 1 0 0 1
1220 0 1 0 0 1
1225 0 1 0 0 1
1230 0 1 0 0 1
1235 0 1 0 0 1
1240 0 1 0 0 1
1245 1 0 0 0 1
1250 1 0 0 0 1
1255 1 0 0 0 1
1260 1 0 0 0 1
1265 1 0 0 0 1
1270 1 0 0 0 1
1275 1 0 0 0 1
1280 1 0 0 0 3
1285 1 0 0 0 3
1290 1 0 0 0 3
1295 1 0 0 0 3
1300 1 0 0 0 3
1305 1 0 0 0 3
1310 1 0 0 0 3
1315 1 0 0 0 4
1320 1 0 0 0 4
1325 1 0 0 0 4
1330 1 0 0 0 4
1335 1 0 0 0 4
1340 1 0 0 0 4
1345 1 0 0 0 4
1350 1 0 0 0 4
1355 1 0 0 0 4
1360 1 0 0 0 4
1365 0 0 0 0 0
1370 0 0 0 0 0
1375 0 0 0 0 0
1380 0 0 0 0 0
1385 0 0 0 0 0
1390 0 0 0 0 0
1395 0 0 0 0 0
1400 0 0 0 0 0
1405 0 0 0 0 0
1410 0 0 0 0 0
1415 0 0 0 0 0
1420 1 0 0 0 1
1425 1 0 0 0 1
1430 1 0 0 0 3
1435 1 0 0 0 3
1440 1 0 0 0 3
1445 1 0 0 0 4
1450 1 0 0 0 4
1455 1 0 0 0 4
1460 1 0 0 0 4
1465 0 0 0 0 0
1470 0 0 0 0 0
1475 0 0 0 0 0
1480 0 0 0 0 0
1485 0 0 0 0 0
1490 0 0 0 0 0
1495 0 0 0 0 0
1500 0 0 0 0 0
1505 0 0 0 0 0
1510 0 0 0 0 0
1515 0 0 0 0 0
1520 0 0 0 0 0
1525 0 0 0 0 0
1530 0 0 0 0 0
1535 0 0 0 0 0
1540 0 0 0 0 0
1545 0 0 0 0 0
1550 0 0 0 0 0
1555 0 0 0 0 0
1560 0 0 0 0 0
1565 0 0 0 0 0
1570 0 0 0 0 0
1575 0 0 0 0 0
1580 0 0 0 0 0
1585 0 0 0 0 0
1590 0 0 0 0 0
1595 0 0 0 0 0
1600 0 0 0 0 0
1605 0 0 0 0 0
1610 0 0 0 0 0
1615 0 0 0 0 0
1620 0 0 0 0 0
1625 0 0 0 0 0
1630 0 0 0 0 0
1635 0 0 0 0 0
1640 0 0 0 0 0
1645 0 0 0 0 0
1650 0 0 0 0 0
1655 0 0 0 0 0
1660 0 0 0 0 0
1665 0 0 0 0 0
1670 0 0 0 0 0
1675 0 0 0 0 0
1680 0 0 0 0 0
1685 0 0 0 0 0
1690 0 0 0 0 0
