0 0 0 0 0 1
10 0 0 0 0 1
20 0 4 0 0 1
30 0 4 0 0 1
40 0 4 0 0 1
50 0 4 0 0 1
60 0 4 0 0 1
70 0 4 0 0 1
80 0 4 2 0 1
90 0 4 2 0 1
100 0 4 2 0 0
110 0 4 2 0 0
120 0 0 2 0 0
130 0 0 2 0 0
140 0 0 2 0 0
150 0 0 2 0 0
160 0 0 2 0 0
170 0 0 2 0 2
180 0 0 2 0 2
190 0 0 2 0 2
200 0 0 2 0 2
210 0 0 2 0 2
220 0 0 2 0 2
230 0 0 2 0 2
240 0 0 2 0 2
250 0 0 2 0 2
260 0 0 2 0 2
270 0 0 2 0 2
280 0 0 2 0 2
290 0 0 2 0 2
300 0 0 2 0 0
310 0 0 2 0 0
320 2 0 2 0 0
330 0 0 2 0 0
340 0 0 2 0 0
350 2 0 2 0 0
360 2 0 2 0 0
370 2 0 0 2 0
380 2 0 0 2 0
390 2 0 0 0 0
400 2 0 0 0 0
410 2 0 0 0 0
420 2 0 0 0 0
430 2 0 0 3 0
440 2 0 0 3 0
450 2 0 0 3 0
460 2 0 0 3 0
470 2 0 0 3 0
480 2 0 0 3 0
490 2 0 0 3 0
500 2 0 0 3 0
510 2 0 0 3 0
520 2 0 0 3 0
530 2 0 0 0 0
540 2 0 0 0 0
550 2 0 0 0 0
560 2 0 0 0 0
570 2 0 2 0 0
580 2 0 2 0 0
590 2 0 2 0 0
600 2 0 2 0 0
610 2 0 2 0 0
620 2 0 2 0 0
630 2 0 2 0 0
640 2 0 2 0 0
650 0 2 2 0 0
660 0 0 2 0 0
670 0 0 2 0 0
680 0 0 2 0 0
690 0 0 2 0 0
700 0 3 2 0 0
710 0 3 2 0 0
720 0 3 2 0 0
730 0 3 2 0 1
740 0 3 2 0 1
750 0 3 2 0 2
760 0 3 2 0 2
770 0 3 2 0 2
780 0 0 2 0 2
790 0 0 2 0 2
800 0 0 2 0 2
810 0 0 2 0 2
820 0 0 2 0 2
830 0 0 2 0 2
840 0 4 2 0 0
850 0 4 2 0 0
860 0 2 2 0 0
870 0 2 2 0 0
880 0 2 2 0 0
890 0 2 2 0 0
900 2 0 2 0 0
910 2 0 0 2 0
920 2 0 0 0 0
930 2 0 0 0 0
940 2 0 0 3 0
950 2 0 0 3 0
960 2 0 0 3 0
970 2 0 0 3 0
980 2 0 0 3 0
990 2 0 0 3 0
1000 2 0 0 3 0
1010 2 0 0 0 0
1020 2 0 0 0 0
1030 2 0 0 0 0
1040 2 0 0 0 0
1050 2 0 0 0 0
1060 2 0 0 2 0
1070 2 0 2 0 0
1080 2 0 2 0 0
1090 0 2 2 0 0
1100 0 0 2 0 0
1110 0 0 2 0 0
1120 0 0 2 0 0
1130 0 0 2 0 0
1140 0 0 2 0 0
1150 0 0 2 0 0
1160 0 0 2 0 0
1170 0 0 2 0 1
1180 0 0 2 0 1
1190 0 0 2 0 2
1200 0 0 2 0 2
1210 0 0 2 0 2
1220 0 0 2 0 2
1230 0 0 2 0 2
1240 3 0 2 0 0
1250 3 0 2 0 0
1260 0 3 2 0 0
1270 0 0 2 0 0
1280 0 0 2 0 0
1290 0 0 2 0 0
1300 0 0 2 0 0
1310 0 0 2 0 0
1320 2 0 2 0 0
1330 2 0 0 0 0
1340 2 0 0 0 0
1350 2 0 0 0 0
1360 2 0 0 0 0
1370 2 0 0 0 0
1380 2 0 0 3 0
1390 2 0 0 3 0
1400 2 0 0 3 0
1410 2 0 0 3 0
1420 2 0 0 3 0
1430 2 0 0 0 0
1440 2 0 0 0 0
1450 2 0 0 0 0
1460 2 0 0 0 0
1470 2 0 0 3 0
1480 2 0 0 3 0
1490 2 0 0 3 0
1500 2 0 0 3 0
1510 2 0 0 3 0
1520 2 0 0 3 0
1530 2 0 0 3 0
1540 2 0 0 3 0
1550 2 0 0 2 0
1560 2 0 2 0 0
1570 0 0 2 0 0
1580 0 0 2 0 0
1590 0 0 2 0 0
1600 0 0 2 0 1
1610 0 0 2 0 1
1620 0 0 2 0 1
1630 0 0 2 0 1
1640 0 0 2 0 1
1650 0 0 2 0 2
1660 0 0 2 0 2
1670 0 0 2 0 2
1680 0 0 2 0 2
1690 0 0 2 0 2
1700 0 0 2 0 2
1710 0 0 2 0 2
1720 0 0 2 0 2
1730 0 0 2 0 2
1740 0 0 2 0 2
1750 0 0 2 0 2
1760 0 0 2 0 0
1770 0 0 2 0 0
1780 0 0 2 0 0
1790 0 2 2 0 0
1800 0 2 2 0 0
1810 0 2 2 0 0
1820 0 2 2 0 0
1830 2 0 2 0 0
1840 2 0 2 0 0
1850 2 0 0 2 0
1860 2 0 0 0 0
1870 2 0 0 0 0
1880 2 0 0 0 0
1890 2 0 0 0 0
1900 2 0 0 3 0
1910 2 0 0 3 0
1920 2 0 0 3 0
1930 2 0 0 3 0
1940 2 0 0 3 0
1950 2 0 0 3 0
1960 0 0 0 0 0
1970 0 0 0 0 0
1980 0 0 0 0 0
1990 0 0 0 0 0
2000 0 0 0 0 0
2010 0 4 0 0 0
2020 0 4 0 0 0
2030 0 4 0 0 0
2040 0 4 0 0 0
2050 0 4 0 0 0
2060 0 4 0 0 0
2070 0 4 0 0 0
2080 0 4 0 0 0
2090 0 4 0 0 0
2100 0 4 0 0 0
2110 0 4 0 0 0
2120 0 4 0 0 0
2130 0 4 0 0 0
2140 0 4 0 0 0
2150 0 4 0 0 0
2160 0 4 0 0 0
2170 0 4 0 0 0
2180 0 4 0 0 0
2190 0 4 0 0 0
2200 0 4 0 0 0
2210 0 4 0 0 0
