0 0 0 0 2 1
10 0 0 0 2 1
20 0 0 0 2 1
30 0 0 0 2 1
40 0 0 0 2 1
50 0 0 0 2 1
60 0 0 0 2 1
70 0 0 0 2 1
80 0 0 0 2 1
90 0 2 0 2 1
100 0 2 0 2 1
110 0 2 0 2 1
120 0 2 0 2 1
130 0 2 0 2 1
140 0 2 0 2 1
150 0 2 0 2 1
160 0 2 0 2 1
170 0 2 0 2 1
180 0 2 0 2 1
190 0 2 0 2 1
200 0 2 0 2 1
210 0 2 0 2 1
220 0 2 0 2 1
230 0 2 0 2 1
240 0 0 0 2 1
250 0 0 0 2 1
260 0 0 0 2 1
270 0 0 0 2 1
280 0 0 0 2 1
290 0 0 0 2 1
300 0 0 0 2 1
310 0 0 0 2 1
320 0 0 0 2 1
330 0 0 0 2 2
340 0 0 0 2 2
350 0 0 0 2 2
360 0 0 0 2 2
370 0 0 0 2 2
380 0 0 0 2 2
390 0 0 0 2 2
400 0 2 0 2 2
410 0 2 0 2 2
420 0 2 0 2 2
430 0 2 0 2 2
440 0 2 0 2 2
450 0 2 0 2 2
460 0 2 0 2 2
470 0 2 0 2 2
480 0 2 0 0 2
490 0 2 0 0 2
500 0 2 0 0 2
510 0 2 0 0 2
520 0 2 0 0 2
530 0 2 0 0 2
540 0 2 0 0 2
550 0 2 0 0 2
560 0 2 0 0 2
570 0 2 0 0 2
580 0 2 0 0 2
590 0 2 0 0 2
600 0 2 0 0 2
610 0 2 0 0 2
620 0 2 0 0 2
630 0 2 0 0 2
640 0 2 0 0 2
650 0 2 0 0 2
660 0 2 0 2 2
670 0 2 0 2 2
680 0 2 0 2 2
690 0 2 0 2 2
700 0 2 0 2 2
710 0 2 0 2 2
720 0 2 0 2 2
730 0 0 0 2 2
740 0 0 0 2 2
750 0 0 0 2 2
760 0 0 0 2 2
770 0 0 0 2 2
780 0 0 0 2 2
790 0 0 0 2 2
800 0 0 0 2 2
810 0 0 0 2 2
820 0 0 0 2 2
830 0 0 0 2 2
840 0 0 0 2 2
850 0 0 0 2 2
860 0 0 0 2 2
870 0 0 0 2 2
880 0 0 0 2 2
890 0 0 0 2 2
900 0 0 0 2 2
910 0 0 0 2 2
920 0 0 0 2 2
930 0 0 0 2 2
940 0 0 0 2 2
950 0 0 0 2 2
960 0 0 0 2 2
970 0 0 0 2 2
980 0 0 0 2 2
990 0 0 0 2 2
1000 0 0 0 2 2
1010 0 0 0 2 2
1020 0 0 0 2 2
1030 0 2 0 2 2
1040 0 2 0 2 2
1050 0 2 0 2 2
1060 0 2 0 2 2
1070 0 2 0 2 2
1080 0 2 0 2 2
1090 0 2 0 0 2
1100 0 2 0 0 2
1110 0 2 0 0 2
1120 0 2 0 0 2
1130 0 2 0 0 2
1140 0 2 0 0 2
1150 0 2 0 0 2
1160 0 2 0 0 2
1170 0 2 0 0 2
1180 0 2 0 0 2
1190 0 2 0 0 2
1200 0 2 0 2 2
1210 0 2 0 2 2
1220 0 2 0 2 2
1230 0 2 0 2 2
1240 0 2 0 2 2
1250 0 2 0 2 2
1260 0 2 0 2 2
1270 0 2 0 2 2
1280 0 2 0 2 2
1290 0 2 0 2 2
1300 0 2 0 2 2
1310 0 2 0 2 2
1320 0 2 0 2 2
1330 0 2 0 2 2
1340 0 2 0 2 2
1350 0 2 0 2 2
1360 0 2 0 2 2
1370 0 2 0 2 2
1380 0 2 0 2 2
1390 0 2 0 2 2
1400 0 2 0 2 2
1410 0 2 0 2 2
1420 0 2 0 2 2
1430 0 2 0 2 2
1440 0 2 0 2 2
1450 0 2 0 2 2
1460 0 2 0 2 2
1470 0 2 0 2 2
1480 0 0 0 2 2
1490 0 0 0 2 2
1500 0 0 0 2 2
1510 0 0 0 2 2
1520 0 0 0 2 2
1530 0 0 0 2 2
1540 0 0 0 2 2
1550 0 0 0 2 2
1560 0 0 0 2 2
1570 0 0 0 2 2
1580 0 0 0 2 2
1590 0 0 0 2 2
1600 0 0 0 0 2
1610 0 0 0 0 2
1620 0 0 0 0 2
1630 0 0 0 0 2
1640 0 0 0 0 2
1650 0 0 0 0 2
1660 0 0 0 0 2
1670 0 0 0 0 2
1680 0 0 0 0 2
1690 0 0 0 0 2
1700 0 0 0 0 2
1710 0 0 0 0 2
1720 0 0 0 0 2
1730 0 0 0 2 2
1740 0 0 0 2 2
1750 0 0 0 2 2
1760 0 0 0 2 2
1770 0 0 0 2 2
1780 0 0 0 2 2
1790 0 0 0 2 2
1800 0 0 0 2 2
1810 0 0 0 2 2
1820 0 0 0 2 2
1830 0 0 0 2 2
1840 0 0 0 2 2
1850 0 0 0 2 2
1860 0 0 0 2 2
1870 0 0 0 2 2
1880 0 0 0 2 2
1890 0 0 0 2 2
1900 0 0 0 2 2
1910 0 0 0 2 2
1920 0 0 0 2 2
1930 0 0 0 2 2
1940 0 0 0 2 2
1950 0 0 0 2 2
1960 0 0 0 2 2
1970 0 0 0 2 2
1980 0 0 0 2 2
1990 0 0 0 2 2
2000 0 0 0 2 2
2010 0 0 0 2 2
2020 0 0 0 2 2
2030 0 0 0 2 2
2040 0 0 0 2 2
2050 0 0 0 2 2
2060 0 0 0 2 2
2070 0 0 0 2 2
2080 0 0 0 2 2
2090 0 0 0 2 2
2100 0 0 0 2 2
2110 0 2 0 0 2
2120 0 2 0 0 2
2130 0 2 0 0 2
2140 0 2 0 0 2
2150 0 2 0 0 2
2160 0 2 0 0 2
2170 0 2 0 0 2
2180 0 2 0 0 2
2190 0 2 0 0 2
2200 0 2 0 0 2
2210 0 2 0 0 2
2220 0 2 0 0 2
2230 0 2 0 0 2
2240 0 2 0 0 2
2250 0 2 0 0 2
2260 0 2 0 0 2
2270 0 2 0 0 2
2280 0 2 0 0 2
2290 0 2 0 0 2
2300 0 2 0 0 2
2310 0 2 0 0 2
2320 0 2 0 0 2
2330 0 2 0 0 2
2340 0 2 0 0 2
2350 0 2 0 0 2
2360 0 2 0 0 2
2370 0 2 0 0 2
2380 0 2 0 0 2
