0 0 0 0 2 0
10 0 0 0 2 0
20 0 0 0 2 0
30 0 0 0 2 0
40 0 0 0 2 0
50 0 0 0 2 0
60 0 0 0 2 0
70 0 0 0 2 0
80 0 0 0 2 0
90 0 0 0 2 0
100 0 0 0 2 0
110 0 0 0 2 0
120 0 0 0 2 0
130 0 0 0 2 0
140 0 0 0 2 0
150 0 0 0 2 0
160 0 0 0 2 0
170 0 0 0 2 0
180 0 0 0 2 0
190 0 0 0 2 0
200 0 0 0 2 0
210 0 0 0 2 0
220 0 0 0 2 0
230 0 0 0 2 0
240 0 0 0 2 0
250 0 0 0 2 0
260 0 0 0 2 0
270 0 0 0 2 0
280 0 0 0 2 0
290 0 0 0 2 0
300 0 0 0 2 0
310 0 0 0 2 0
320 0 0 0 2 0
330 0 0 0 2 0
340 0 0 0 2 0
350 0 0 0 2 0
360 0 0 0 2 0
370 0 0 0 2 0
380 0 0 0 2 0
390 0 0 0 2 0
400 0 0 0 2 0
410 0 0 0 2 0
420 0 2 0 2 0
430 0 2 0 2 0
440 0 2 0 2 0
450 0 2 0 2 0
460 0 2 0 2 0
470 0 2 0 2 0
480 0 2 0 2 0
490 0 2 0 2 0
500 0 2 0 2 0
510 0 2 0 2 0
520 0 2 0 2 0
530 0 2 0 2 0
540 0 2 0 2 0
550 0 2 0 2 0
560 0 2 0 2 0
570 0 2 0 2 0
580 0 2 0 2 0
590 0 2 0 2 0
600 0 2 0 2 0
610 0 2 0 2 0
620 0 2 0 2 0
630 0 2 0 2 0
640 0 2 0 2 0
650 0 2 0 2 0
660 0 2 0 2 0
670 0 2 0 2 0
680 0 2 0 2 0
690 0 2 0 2 0
700 0 2 0 2 0
710 0 2 0 2 0
720 0 2 0 2 0
730 0 2 0 2 0
740 0 2 0 2 0
750 0 2 0 2 0
760 0 2 0 2 0
770 0 2 0 2 0
780 0 2 0 2 0
790 0 2 0 2 0
800 0 2 0 2 0
810 0 2 0 2 0
820 0 2 0 2 0
830 0 2 0 2 0
840 0 2 0 2 0
850 0 2 0 0 0
860 0 2 0 0 0
870 0 2 0 0 0
880 0 2 0 0 0
890 0 2 0 0 0
900 0 2 0 0 0
910 0 2 0 0 0
920 0 2 0 0 0
930 0 2 0 0 0
940 0 2 0 0 0
950 0 2 0 0 0
960 0 2 0 0 0
970 0 2 0 0 0
980 0 2 0 0 0
990 0 2 0 0 0
1000 0 2 0 0 0
1010 0 2 0 0 0
1020 0 2 0 0 0
1030 0 2 0 0 0
1040 0 2 0 0 0
1050 0 2 0 0 0
1060 0 2 0 0 0
1070 0 2 0 0 0
1080 0 2 0 0 0
1090 0 2 0 0 0
1100 0 2 0 0 0
1110 0 2 0 0 0
1120 0 2 0 0 0
1130 0 0 0 2 2
1140 0 0 0 2 2
1150 0 0 0 2 2
1160 0 0 0 2 2
1170 0 0 0 2 2
1180 0 0 0 2 2
1190 0 0 0 2 2
1200 0 0 0 2 2
1210 0 0 0 2 2
1220 0 0 0 2 2
1230 0 0 0 2 2
1240 0 0 0 2 2
1250 0 0 0 2 2
1260 0 0 0 2 2
1270 0 0 0 2 2
1280 0 0 0 2 2
1290 0 0 0 2 2
1300 0 0 0 2 2
1310 0 0 0 2 2
1320 0 0 0 2 2
1330 0 0 0 2 2
1340 0 0 0 2 2
1350 0 0 0 2 2
1360 0 0 0 2 2
1370 0 0 0 2 2
1380 0 0 0 2 2
1390 0 0 0 2 2
1400 0 0 0 2 2
1410 0 0 0 2 2
1420 0 0 0 2 2
1430 0 0 0 2 2
1440 0 0 0 2 2
1450 0 0 0 2 2
1460 0 0 0 2 2
1470 0 0 0 2 2
1480 0 0 0 2 2
1490 0 0 0 2 2
1500 0 0 0 2 2
1510 0 0 0 2 2
1520 0 0 0 2 2
1530 0 0 0 2 2
1540 0 0 0 2 2
1550 0 0 0 2 2
1560 0 0 0 2 2
1570 0 0 0 2 2
1580 0 0 0 2 2
1590 0 0 0 2 2
1600 0 0 0 2 2
1610 0 0 0 2 2
1620 0 0 0 2 2
1630 0 0 0 2 2
1640 0 0 0 2 2
1650 0 0 0 2 2
1660 0 0 0 2 2
1670 0 0 0 2 2
1680 0 0 0 2 2
1690 0 0 0 2 2
1700 0 0 0 2 2
1710 0 0 0 2 2
1720 0 0 0 2 2
1730 0 0 0 2 2
1740 0 0 0 2 2
1750 0 0 0 2 2
1760 0 0 0 2 2
1770 0 2 0 0 2
1780 0 2 0 0 2
1790 0 2 0 0 2
1800 0 2 0 0 2
1810 0 2 0 0 2
1820 0 2 0 0 2
1830 0 2 0 0 2
1840 0 2 0 0 2
1850 0 2 0 0 2
1860 0 2 0 0 2
1870 0 2 0 0 2
1880 0 2 0 0 2
1890 0 2 0 0 2
1900 0 2 0 0 2
1910 0 2 0 0 2
1920 0 2 0 0 2
1930 0 2 0 0 2
1940 0 2 0 0 2
1950 0 2 0 0 2
1960 0 2 0 0 2
1970 0 2 0 0 2
1980 0 2 0 0 2
1990 0 2 0 0 2
2000 0 2 0 0 2
2010 0 2 0 0 2
2020 0 2 0 0 2
2030 0 2 0 0 2
2040 0 2 0 0 2
2050 0 0 0 2 2
2060 0 0 0 2 2
2070 0 0 0 2 2
2080 0 0 0 2 2
2090 0 0 0 2 2
2100 0 0 0 2 2
2110 0 0 0 2 2
2120 0 0 0 2 2
2130 0 0 0 2 2
2140 0 0 0 2 2
2150 0 0 0 2 2
2160 0 0 0 2 2
2170 0 0 0 2 2
2180 0 0 0 2 2
2190 0 0 0 2 2
2200 0 0 0 2 2
2210 0 0 0 2 2
2220 0 0 0 2 2
2230 0 0 0 2 2
2240 0 0 0 2 2
2250 0 0 0 2 2
2260 0 0 0 2 2
2270 0 0 0 2 2
2280 0 0 0 2 2
2290 0 0 0 2 2
2300 0 0 0 2 2
2310 0 0 0 2 2
2320 0 0 0 2 2
2330 0 0 0 2 2
2340 0 0 0 2 2
2350 0 0 0 2 2
2360 0 0 0 2 2
2370 0 0 0 2 2
2380 0 0 0 2 2
2390 0 0 0 2 2
2400 0 0 0 2 2
2410 0 0 0 2 2
2420 0 0 0 2 2
2430 0 0 0 2 2
2440 0 0 0 2 2
2450 0 0 0 2 2
2460 0 0 0 2 2
2470 0 0 0 2 2
2480 0 0 0 2 2
2490 0 0 0 2 2
2500 0 0 0 2 2
2510 0 0 0 2 2
2520 0 0 0 2 2
2530 0 0 0 2 2
2540 0 0 0 2 2
2550 0 0 0 2 2
2560 0 0 0 2 2
2570 0 0 0 2 2
2580 0 0 0 2 2
2590 0 0 0 2 2
2600 0 0 0 2 2
2610 0 0 0 2 2
2620 0 0 0 2 2
2630 0 0 0 2 2
2640 0 0 0 2 2
2650 0 0 0 2 2
